episodes,return,hinter_loss,guesser_loss,hinter_q,hinter_qhat,guesser_q,guesser_qhat,exploration
5000,0.444,95.35623168945312,97.3599624633789,-2.0,-1.100631594657898,-1.7000000476837158,-1.3526417016983032,0.645823008711293
10000,0.451,97.6998062133789,99.24551391601562,-0.30000001192092896,-1.0908771753311157,-0.4000000059604645,-1.005904197692871,0.431058389559995
15000,0.444,94.36604309082031,95.4683609008789,-1.7999999523162842,-1.387534737586975,-1.7999999523162842,-1.3531444072723389,0.30079706342322576
20000,0.4632,89.89010620117188,100.82646179199219,-2.0,-0.48729193210601807,-0.6000000238418579,-0.34238067269325256,0.2217895753464486
25000,0.4738,94.87193298339844,100.04520416259766,-0.800000011920929,-0.2066177874803543,-0.6000000238418579,-0.5008504390716553,0.17386911148100292
30000,0.462,90.79426574707031,98.24404907226562,-0.699999988079071,-0.9112945795059204,-0.8999999761581421,-1.0397002696990967,0.1448038809189588
35000,0.4634,93.29480743408203,97.21420288085938,-0.699999988079071,-0.8227779865264893,-0.800000011920929,-0.6222293376922607,0.12717492745146233
40000,0.4768,83.38246154785156,99.38139343261719,0.20000000298023224,0.09033914655447006,0.5,-0.1781110018491745,0.11648242667477841
45000,0.4692,83.0914077758789,98.29341888427734,-0.6000000238418579,-0.4758335053920746,-0.8999999761581421,-0.5610952377319336,0.10999709712471846
50000,0.453,80.37374877929688,96.76715850830078,-0.699999988079071,-0.6458715796470642,-1.2000000476837158,-0.1513901650905609,0.10606354591426675
55000,0.4674,87.89555358886719,95.80534362792969,-0.800000011920929,-0.5991684198379517,-0.4000000059604645,-0.4788716435432434,0.10367772650357807
60000,0.4708,83.53572082519531,98.06139373779297,-0.800000011920929,-0.37313175201416016,-0.20000000298023224,-0.7447124719619751,0.10223065388245785
65000,0.459,87.17996215820312,97.48580932617188,-0.800000011920929,-1.116038203239441,-0.20000000298023224,-0.38851383328437805,0.1013529599709177
70000,0.4596,78.05868530273438,95.7744140625,-1.100000023841858,-1.3209744691848755,0.4000000059604645,-0.7814090847969055,0.1008206117037255
75000,0.4638,88.14485168457031,95.83773803710938,-0.5,-0.13065487146377563,-1.2000000476837158,-1.0120762586593628,0.10049772615802854
80000,0.462,78.58926391601562,97.35521697998047,-0.800000011920929,-0.7792786359786987,0.8999999761581421,-1.0405164957046509,0.10030188617498528
85000,0.476,82.83045959472656,101.16175842285156,-0.8999999761581421,-0.500536322593689,-0.6000000238418579,-0.19199958443641663,0.10018310322087196
90000,0.4614,89.505859375,93.29076385498047,0.20000000298023224,0.11674806475639343,-1.399999976158142,-0.42247474193573,0.10011105771735097
95000,0.466,79.15897369384766,97.74455261230469,-0.6000000238418579,-0.9122610688209534,0.20000000298023224,-0.7212969064712524,0.10006735991057107
100000,0.4544,77.33942413330078,99.78240203857422,-0.8999999761581421,-0.22580939531326294,0.20000000298023224,-0.7096942663192749,0.10004085585099685
105000,0.4686,76.31446075439453,93.37162780761719,-0.8999999761581421,-0.6236540079116821,-1.2000000476837158,-0.5272488594055176,0.10002478032625825
110000,0.4686,78.69648742675781,93.83760070800781,0.20000000298023224,-0.9501321315765381,-0.5,-0.7609759569168091,0.10001503002763332
115000,0.4772,77.9598159790039,95.35774230957031,-1.100000023841858,-0.8959147930145264,-0.10000000149011612,-0.061588238924741745,0.10000911617257593
120000,0.474,82.77958679199219,99.25979614257812,0.8999999761581421,-0.6318269371986389,-0.6000000238418579,-0.5988922119140625,0.10000552923816654
125000,0.4714,85.32746124267578,92.9894790649414,-0.699999988079071,-0.010732321999967098,-1.2000000476837158,-0.7063595652580261,0.10000335365247286
130000,0.4688,76.2894515991211,94.13024139404297,-0.10000000149011612,-0.8497288227081299,0.0,-0.4472544193267822,0.10000203409304681
135000,0.4674,81.29154968261719,89.95177459716797,-0.30000001192092896,-0.1356467753648758,-0.30000001192092896,-0.2750415802001953,0.10000123373979761
140000,0.471,80.71482849121094,92.81766510009766,0.699999988079071,-0.9630081057548523,-0.6000000238418579,-0.7193406820297241,0.10000074830101335
145000,0.479,75.16220092773438,93.24946594238281,0.20000000298023224,-0.9361863136291504,-0.20000000298023224,-1.0049126148223877,0.10000045386750729
150000,0.4798,76.99230194091797,95.92898559570312,-0.4000000059604645,-0.35022979974746704,-1.100000023841858,0.034920670092105865,0.10000027528455863
155000,0.4592,74.19812774658203,95.1977310180664,-1.2000000476837158,-0.8019298315048218,-1.0,-0.9417650699615479,0.10000016696852496
160000,0.4838,76.36152648925781,93.35980224609375,-0.30000001192092896,-0.7536336779594421,-0.5,-0.13237090408802032,0.1000001012715296
165000,0.4748,71.20953369140625,98.7070541381836,-1.2000000476837158,-0.9990081787109375,-0.10000000149011612,-0.8466944694519043,0.10000006142428766
170000,0.4754,74.60905456542969,94.19747924804688,-1.100000023841858,-1.0286345481872559,-0.20000000298023224,-0.13112787902355194,0.10000003725571371
175000,0.4766,82.53082275390625,99.21546936035156,-0.30000001192092896,-0.6113411784172058,0.699999988079071,-0.1886289268732071,0.10000002259673262
180000,0.4756,78.13709259033203,96.9868392944336,-1.2000000476837158,-0.4666087329387665,0.800000011920929,-0.34527596831321716,0.10000001370561115
185000,0.4744,70.76872253417969,91.63749694824219,-0.30000001192092896,-0.4029087424278259,-0.699999988079071,-0.34546104073524475,0.10000000831287337
190000,0.4862,78.68150329589844,93.802734375,0.5,0.2710295617580414,0.20000000298023224,-0.16695697605609894,0.10000000504201258
195000,0.4844,68.23677062988281,94.78173065185547,-0.30000001192092896,0.3130100667476654,0.10000000149011612,-0.0041697644628584385,0.10000000305813521
200000,0.4684,70.88329315185547,91.91511535644531,-0.30000001192092896,-0.1671445518732071,-0.8999999761581421,-0.8777070045471191,0.10000000185485278
205000,0.4722,75.89659118652344,90.12659454345703,-1.5,-0.5676576495170593,0.10000000149011612,-0.5086458921432495,0.10000000112502508
210000,0.4708,75.12033081054688,93.1793441772461,-1.5,-1.2735490798950195,-1.399999976158142,-0.9832131266593933,0.1000000006823622
215000,0.4864,63.696598052978516,97.3248519897461,0.20000000298023224,0.2940753996372223,0.4000000059604645,-0.46891188621520996,0.1000000004138736
220000,0.4638,67.14370727539062,95.52667999267578,-1.399999976158142,-0.3841352164745331,-1.399999976158142,-0.5441884994506836,0.10000000025102702
225000,0.4748,72.2297592163086,93.02388763427734,-0.5,-0.907844603061676,0.0,-0.6331429481506348,0.10000000015225559
230000,0.4838,64.74506378173828,93.11327362060547,0.800000011920929,0.29891830682754517,0.20000000298023224,-0.355647474527359,0.10000000009234769
235000,0.4754,65.7989501953125,96.624267578125,-1.600000023841858,-1.0935715436935425,-0.699999988079071,-0.8227465748786926,0.1000000000560117
240000,0.485,77.87096405029297,96.275390625,0.5,-0.5311256647109985,-0.30000001192092896,-0.8421266674995422,0.10000000003397282
245000,0.4614,76.26457977294922,98.17937469482422,-1.0,-0.6653105020523071,-0.20000000298023224,-0.48258522152900696,0.10000000002060556
250000,0.4718,67.72029113769531,89.02429962158203,-0.10000000149011612,-0.7508043050765991,-1.0,-0.9697343707084656,0.10000000001249791
255000,0.4716,70.11639404296875,93.61018371582031,0.10000000149011612,-0.0511198416352272,-1.0,-0.11260835826396942,0.10000000000758036
260000,0.4794,65.45814514160156,96.69934844970703,-1.2000000476837158,-0.37235450744628906,-0.20000000298023224,-0.19416140019893646,0.10000000000459773
265000,0.4872,65.81084442138672,90.35271453857422,0.10000000149011612,-0.7106676697731018,-0.6000000238418579,-0.2335965484380722,0.10000000000278866
270000,0.472,62.394691467285156,94.20562744140625,-1.2999999523162842,-0.6413400173187256,0.10000000149011612,-0.5751618146896362,0.10000000000169142
275000,0.4758,71.44808959960938,91.6998519897461,-0.699999988079071,-0.4671556055545807,0.0,-0.3611891269683838,0.1000000000010259
280000,0.4848,60.51585006713867,96.67208862304688,0.10000000149011612,-0.5996435284614563,-0.800000011920929,-0.44170498847961426,0.10000000000062224
285000,0.4846,64.05702209472656,100.3996810913086,-0.4000000059604645,-0.7686519026756287,0.10000000149011612,-0.8722978830337524,0.10000000000037741
290000,0.4842,72.93264770507812,97.23810577392578,-1.7000000476837158,-0.8055465817451477,0.0,-0.2501834034919739,0.1000000000002289
295000,0.489,64.6506118774414,92.55583953857422,0.0,0.15140867233276367,-0.30000001192092896,0.042756084352731705,0.10000000000013884
300000,0.4788,66.70647430419922,95.00041961669922,-0.30000001192092896,-0.4536847174167633,0.5,-0.6998559832572937,0.10000000000008422
305000,0.4768,74.90108489990234,87.0069351196289,0.5,0.19537630677223206,-0.699999988079071,-0.732969343662262,0.10000000000005108
310000,0.4742,67.83153533935547,92.82645416259766,-0.5,-0.8711259961128235,-0.800000011920929,-0.39244285225868225,0.10000000000003098
315000,0.4828,68.03916931152344,96.42082214355469,0.4000000059604645,-0.6874984502792358,0.10000000149011612,-0.033880338072776794,0.1000000000000188
320000,0.4698,66.27558898925781,92.00171661376953,-0.800000011920929,-1.5782856941223145,-1.100000023841858,-0.8275578022003174,0.1000000000000114
325000,0.4686,65.85697937011719,88.74327087402344,-1.2000000476837158,-0.9989686608314514,-1.2999999523162842,-0.4031963348388672,0.10000000000000692
330000,0.4902,60.535240173339844,91.74409484863281,-1.100000023841858,-0.7063348293304443,1.0,0.026232514530420303,0.1000000000000042
335000,0.4796,64.94459533691406,96.56097412109375,0.10000000149011612,0.23028253018856049,1.2999999523162842,-0.45483872294425964,0.10000000000000255
340000,0.4786,71.34644317626953,100.25244140625,-0.4000000059604645,-1.207635760307312,-1.100000023841858,-0.5068897008895874,0.10000000000000155
345000,0.491,59.118656158447266,92.9009780883789,-0.6000000238418579,-0.9857509732246399,0.20000000298023224,0.09999866783618927,0.10000000000000094
350000,0.48,61.70182800292969,93.33694458007812,-1.100000023841858,-1.0511256456375122,-0.10000000149011612,-0.3509296178817749,0.10000000000000057
355000,0.4822,61.09068298339844,91.59761047363281,-1.2000000476837158,-0.8459618091583252,-1.2000000476837158,-0.15869928896427155,0.10000000000000035
360000,0.4806,75.57455444335938,94.7999038696289,0.4000000059604645,-0.09426434338092804,-1.2999999523162842,-0.44526994228363037,0.10000000000000021
365000,0.4734,74.7004165649414,91.4265365600586,0.0,-1.207389235496521,-1.5,-1.1725431680679321,0.10000000000000013
370000,0.4846,68.2526626586914,93.22798919677734,-0.5,-1.0599243640899658,-1.0,-0.5882011651992798,0.10000000000000009
375000,0.4806,67.22266387939453,92.43096923828125,-0.30000001192092896,-0.06478419899940491,-1.2999999523162842,-0.024350576102733612,0.10000000000000005
380000,0.479,61.49164581298828,91.76730346679688,0.30000001192092896,-0.2502951920032501,-0.5,-0.4232530891895294,0.10000000000000003
385000,0.4772,64.4533462524414,87.6971206665039,-0.6000000238418579,-0.9817488193511963,-1.100000023841858,-0.3439069390296936,0.10000000000000002
390000,0.4746,56.63975143432617,87.34468078613281,-1.2000000476837158,-0.5758969187736511,-0.10000000149011612,0.31763434410095215,0.10000000000000002
395000,0.4794,61.45849609375,92.7337875366211,-0.20000000298023224,-1.0074559450149536,-0.699999988079071,-0.7193551063537598,0.1
400000,0.4804,55.53154373168945,92.51052856445312,-0.699999988079071,-0.6054880023002625,-0.10000000149011612,-0.5031835436820984,0.1
405000,0.4828,65.52539825439453,87.50142669677734,-0.800000011920929,-0.63978111743927,-0.5,0.056744784116744995,0.1
410000,0.4888,68.68792724609375,87.06270599365234,-0.4000000059604645,0.2815490961074829,-1.100000023841858,-0.5434091091156006,0.1
415000,0.4924,59.00910568237305,88.10717010498047,0.20000000298023224,-0.036734677851200104,0.4000000059604645,0.512549877166748,0.1
420000,0.4886,57.1422119140625,88.92346954345703,-0.5,-0.7225028276443481,-0.30000001192092896,-0.0916500985622406,0.1
425000,0.4892,68.81840515136719,92.8910903930664,0.10000000149011612,-0.32169467210769653,0.800000011920929,-0.04251832887530327,0.1
430000,0.4804,64.05329132080078,91.60999298095703,-0.699999988079071,-0.27710115909576416,0.4000000059604645,-0.40986400842666626,0.1
435000,0.483,55.71028137207031,89.85237121582031,-0.800000011920929,-0.9031120538711548,-1.399999976158142,-0.3249411880970001,0.1
440000,0.4804,69.71066284179688,83.76998901367188,-0.800000011920929,-0.6863179206848145,-0.6000000238418579,-0.19507209956645966,0.1
445000,0.4738,73.2142105102539,95.6661605834961,0.0,-0.6165811419487,-0.800000011920929,-0.8122111558914185,0.1
450000,0.4842,57.100555419921875,92.32611083984375,-0.6000000238418579,-0.23777329921722412,0.0,-0.5100567936897278,0.1
455000,0.4774,69.78524780273438,89.1496810913086,-0.30000001192092896,-0.4676474630832672,0.20000000298023224,-0.7830938100814819,0.1
460000,0.4894,66.79829406738281,85.71920776367188,-0.10000000149011612,-0.043157123029232025,-0.6000000238418579,0.25664258003234863,0.1
465000,0.4914,67.4626693725586,91.61780548095703,0.5,-0.4866710901260376,-0.8999999761581421,0.0851498395204544,0.1
470000,0.4836,63.64744567871094,94.12378692626953,-1.2999999523162842,-1.0048332214355469,0.20000000298023224,-0.31569376587867737,0.1
475000,0.4922,61.93584060668945,94.05976867675781,-1.100000023841858,0.3494110107421875,-0.10000000149011612,-0.22456620633602142,0.1
480000,0.486,62.346927642822266,90.3076400756836,0.20000000298023224,-0.03694499656558037,-0.30000001192092896,-0.7062121033668518,0.1
485000,0.4876,62.771278381347656,89.04724884033203,-0.6000000238418579,0.01121364627033472,-1.100000023841858,-0.7706415057182312,0.1
490000,0.4882,76.85221862792969,88.64634704589844,0.20000000298023224,-0.7211725115776062,-0.30000001192092896,-0.5594887733459473,0.1
495000,0.4884,60.406517028808594,87.89342498779297,0.20000000298023224,-0.14181829988956451,0.5,-0.31143125891685486,0.1
500000,0.4688,54.514320373535156,85.73712158203125,-0.20000000298023224,-0.2837820053100586,0.5,-0.0364120677113533,0.1
505000,0.4854,63.148685455322266,100.75112915039062,0.0,-0.028254661709070206,0.0,-0.20264750719070435,0.1
510000,0.4944,59.55863952636719,91.3127212524414,-0.30000001192092896,-0.9201133847236633,-0.699999988079071,-0.5263219475746155,0.1
515000,0.49,53.14876937866211,95.49938201904297,-0.6000000238418579,-0.61398845911026,-0.4000000059604645,-0.5046684145927429,0.1
520000,0.481,64.1237564086914,87.96448516845703,-1.7000000476837158,-1.7764440774917603,-0.699999988079071,-0.8477771282196045,0.1
525000,0.4914,68.61647033691406,91.93683624267578,-0.699999988079071,-1.088950514793396,-0.30000001192092896,0.010842752642929554,0.1
530000,0.477,58.840999603271484,92.05646514892578,-0.8999999761581421,-1.1914006471633911,-1.899999976158142,-0.69178307056427,0.1
535000,0.4794,62.99586868286133,90.16830444335938,-0.20000000298023224,0.7379605174064636,-0.699999988079071,-0.5293399691581726,0.1
540000,0.4936,65.60607147216797,95.52363586425781,0.699999988079071,0.17961807548999786,-0.5,-0.7067921161651611,0.1
545000,0.484,70.55705261230469,91.40290069580078,-0.20000000298023224,-0.42355841398239136,0.30000001192092896,0.12444303184747696,0.1
550000,0.478,57.597476959228516,94.01551055908203,-1.100000023841858,-0.6853584051132202,-0.20000000298023224,-0.47165775299072266,0.1
555000,0.4864,64.34130096435547,91.96305847167969,0.4000000059604645,0.11376895755529404,0.0,-0.5957051515579224,0.1
560000,0.4862,66.97207641601562,85.60163116455078,-1.2999999523162842,-1.561051368713379,-1.100000023841858,-0.9544575214385986,0.1
565000,0.4928,64.2490234375,79.68889617919922,0.800000011920929,-0.16411609947681427,0.4000000059604645,0.0762089267373085,0.1
570000,0.4964,67.26517486572266,93.77476501464844,0.5,-0.6505584716796875,-0.30000001192092896,-0.4780452847480774,0.1
575000,0.4864,70.5843734741211,90.82060241699219,0.0,-0.13549838960170746,-0.10000000149011612,-0.591652512550354,0.1
580000,0.492,59.670902252197266,90.84906005859375,0.6000000238418579,0.17012053728103638,0.5,-0.3052162528038025,0.1
585000,0.4986,57.943809509277344,88.74069213867188,0.20000000298023224,0.2323020100593567,1.600000023841858,0.19650134444236755,0.1
590000,0.4852,51.939327239990234,85.57328796386719,-0.699999988079071,-0.07537145912647247,-1.899999976158142,0.08941566199064255,0.1
595000,0.4884,59.254547119140625,90.60215759277344,0.4000000059604645,0.022860251367092133,-0.10000000149011612,-0.15755188465118408,0.1
600000,0.494,65.83922576904297,89.75687408447266,-1.600000023841858,-0.3167881369590759,-0.800000011920929,-1.0427005290985107,0.1
605000,0.4878,55.6273193359375,90.74124145507812,0.6000000238418579,0.732387363910675,0.4000000059604645,0.28156694769859314,0.1
610000,0.4824,67.12574005126953,89.79763793945312,0.800000011920929,0.27513131499290466,-0.5,-1.0067775249481201,0.1
615000,0.4838,62.64543151855469,90.48117065429688,-1.100000023841858,-0.2906185984611511,0.10000000149011612,-0.23283731937408447,0.1
620000,0.4886,67.9847183227539,87.80554962158203,-0.800000011920929,-0.7921500205993652,-0.8999999761581421,-0.7024399042129517,0.1
625000,0.4962,64.21843719482422,92.91567993164062,0.20000000298023224,-0.2406909167766571,-0.6000000238418579,-0.6477268934249878,0.1
630000,0.492,66.81707763671875,95.48409271240234,0.699999988079071,0.04140771925449371,0.10000000149011612,0.05740361288189888,0.1
635000,0.4932,60.50984191894531,87.0698013305664,0.0,-0.3822837769985199,0.30000001192092896,-0.151620551943779,0.1
640000,0.5006,70.6148452758789,88.77793884277344,-0.4000000059604645,0.4871349334716797,0.699999988079071,0.4743253290653229,0.1
645000,0.5028,72.15335083007812,94.41497039794922,0.30000001192092896,-0.10318522155284882,0.30000001192092896,0.11386451125144958,0.1
650000,0.5044,63.29560852050781,90.17640686035156,0.6000000238418579,-0.2203059196472168,-0.4000000059604645,0.2142631858587265,0.1
655000,0.482,61.58750915527344,95.40142822265625,-0.20000000298023224,-0.6618598103523254,-1.0,-0.6584867835044861,0.1
660000,0.4976,59.73136901855469,88.44861602783203,-1.100000023841858,-0.26578444242477417,0.4000000059604645,0.07991105318069458,0.1
665000,0.5044,53.06513595581055,90.12926483154297,-1.0,-0.6689395308494568,0.8999999761581421,0.2695394456386566,0.1
670000,0.48,54.644832611083984,96.0621109008789,-0.10000000149011612,-0.23607990145683289,-1.100000023841858,-0.28749898076057434,0.1
675000,0.4962,57.13969802856445,88.37716674804688,0.20000000298023224,-0.24093587696552277,0.30000001192092896,0.23639439046382904,0.1
680000,0.4892,61.22600173950195,83.6969985961914,-0.5,-1.3440274000167847,-1.399999976158142,-0.4258192479610443,0.1
685000,0.4876,65.81978607177734,91.37757873535156,-0.4000000059604645,0.01177759189158678,0.0,-0.29903602600097656,0.1
690000,0.4936,63.983680725097656,94.82365417480469,-0.800000011920929,-0.40888190269470215,0.10000000149011612,-0.48650962114334106,0.1
695000,0.4982,71.90632629394531,87.21089172363281,0.6000000238418579,0.3121704161167145,0.5,-0.17114399373531342,0.1
700000,0.5008,62.34055709838867,97.71903228759766,-0.30000001192092896,0.020043563097715378,-0.5,0.012294316664338112,0.1
705000,0.5006,60.910003662109375,93.71337127685547,0.5,0.08700565248727798,-0.10000000149011612,-0.5349017977714539,0.1
710000,0.495,62.32721710205078,90.7348403930664,-1.100000023841858,-0.4196704924106598,0.699999988079071,-0.34522950649261475,0.1
715000,0.5026,60.7546272277832,96.15383911132812,0.800000011920929,0.7596215605735779,0.0,0.04873611405491829,0.1
720000,0.496,56.777984619140625,95.91154479980469,-1.2000000476837158,-0.7282693982124329,-1.7000000476837158,-0.20794519782066345,0.1
725000,0.5038,62.64107894897461,93.2249526977539,-0.20000000298023224,-0.3216399848461151,-1.7000000476837158,-0.36274388432502747,0.1
730000,0.4924,59.66399002075195,94.24915313720703,-0.30000001192092896,-0.9404509663581848,0.0,-0.016804952174425125,0.1
735000,0.511,60.704898834228516,88.34321594238281,1.5,0.9268862009048462,1.0,0.26817917823791504,0.1
740000,0.5052,51.82331466674805,84.73267364501953,0.10000000149011612,0.3649587631225586,0.20000000298023224,0.30573710799217224,0.1
745000,0.5006,66.35079956054688,87.17704772949219,1.7999999523162842,0.6050718426704407,0.8999999761581421,-0.33375492691993713,0.1
750000,0.4932,57.848045349121094,92.03894805908203,0.30000001192092896,-0.20301298797130585,0.5,-0.5023380517959595,0.1
755000,0.5068,58.928489685058594,84.67927551269531,-1.0,-0.24209323525428772,-0.4000000059604645,0.3229585289955139,0.1
760000,0.5112,66.0325698852539,93.47328186035156,2.5,0.5572618842124939,-1.100000023841858,-0.026943035423755646,0.1
765000,0.5104,64.8653335571289,92.30876159667969,0.4000000059604645,0.10793271660804749,0.4000000059604645,0.08417254686355591,0.1
770000,0.5168,66.77576446533203,95.55280303955078,0.699999988079071,0.6184117197990417,1.5,-0.18463905155658722,0.1
775000,0.5018,66.18640899658203,87.06924438476562,-0.5,-0.20352287590503693,-0.20000000298023224,0.00599543796852231,0.1
780000,0.5026,62.145442962646484,92.3311538696289,-0.10000000149011612,-0.054418135434389114,-0.4000000059604645,0.028090614825487137,0.1
785000,0.507,63.250144958496094,89.37417602539062,-1.2999999523162842,-0.1280493140220642,-0.5,0.23186525702476501,0.1
790000,0.5074,68.39995574951172,97.41942596435547,0.8999999761581421,0.34108689427375793,0.6000000238418579,-0.21951104700565338,0.1
795000,0.5046,66.21118927001953,90.79663848876953,0.800000011920929,1.2467384338378906,-1.100000023841858,0.012807615101337433,0.1
800000,0.509,61.82758331298828,91.30677795410156,-0.20000000298023224,-0.03406872972846031,0.4000000059604645,-0.14911282062530518,0.1
805000,0.5094,76.65974426269531,93.61112976074219,0.10000000149011612,-0.031816769391298294,0.699999988079071,0.5795738101005554,0.1
810000,0.5122,55.292110443115234,97.8299789428711,-0.5,-0.36706170439720154,0.5,-0.10284494608640671,0.1
815000,0.515,58.45762634277344,91.23102569580078,-0.699999988079071,0.484558641910553,1.2000000476837158,-0.3776610195636749,0.1
820000,0.5072,65.655517578125,92.47496795654297,-0.800000011920929,-0.824938952922821,-1.2000000476837158,-0.3659203350543976,0.1
825000,0.5058,58.104671478271484,87.59935760498047,0.6000000238418579,0.21387119591236115,-0.10000000149011612,-0.027227992191910744,0.1
830000,0.4964,63.5620231628418,96.45214080810547,0.5,0.5725327134132385,1.0,-0.03797578439116478,0.1
835000,0.5014,58.65852355957031,93.99402618408203,0.800000011920929,0.5421505570411682,0.0,0.1725323498249054,0.1
840000,0.5022,61.744117736816406,95.61683654785156,1.2000000476837158,0.17961129546165466,-0.4000000059604645,-0.2854383885860443,0.1
845000,0.5152,61.510528564453125,88.78669738769531,0.30000001192092896,0.3314037322998047,0.6000000238418579,-0.0646170824766159,0.1
850000,0.5102,61.76228332519531,95.26493835449219,0.8999999761581421,0.37692034244537354,0.6000000238418579,-0.11575722694396973,0.1
855000,0.5158,68.28180694580078,94.45491027832031,0.0,0.4067513346672058,0.20000000298023224,-0.10730720311403275,0.1
860000,0.5126,64.58349609375,94.59386444091797,-0.30000001192092896,-0.0015022754669189453,-0.6000000238418579,-0.25127148628234863,0.1
865000,0.5108,73.72625732421875,94.77468872070312,0.10000000149011612,0.013385591097176075,0.20000000298023224,-0.23582887649536133,0.1
870000,0.5188,58.73591613769531,94.06372833251953,0.699999988079071,-0.027521561831235886,-0.8999999761581421,-0.04988056793808937,0.1
875000,0.5078,55.86589050292969,90.27486419677734,1.0,0.6545993685722351,-0.5,0.08701543509960175,0.1
880000,0.5194,65.64987182617188,93.5867691040039,1.100000023841858,0.440001904964447,0.8999999761581421,-0.06720488518476486,0.1
885000,0.5078,67.59789276123047,97.6121597290039,0.8999999761581421,-1.0623974800109863,-0.30000001192092896,-0.055391788482666016,0.1
890000,0.5172,61.11865234375,86.876953125,-2.0999999046325684,-1.1131370067596436,0.699999988079071,0.760738730430603,0.1
895000,0.5218,61.003387451171875,85.976806640625,-0.10000000149011612,0.013852953910827637,0.0,0.6023321151733398,0.1
900000,0.5154,76.41419982910156,96.30609130859375,0.699999988079071,0.3348539471626282,0.10000000149011612,-0.17070861160755157,0.1
905000,0.5162,59.19424819946289,92.97618865966797,0.699999988079071,-0.33245986700057983,0.30000001192092896,0.02144404500722885,0.1
910000,0.517,74.40904235839844,89.1642074584961,0.800000011920929,0.988559365272522,1.100000023841858,0.22134795784950256,0.1
915000,0.5132,58.11412048339844,90.0712661743164,-1.2000000476837158,-0.28259649872779846,-1.100000023841858,-0.006246728822588921,0.1
920000,0.5176,59.061790466308594,90.92633056640625,-0.8999999761581421,-0.23982049524784088,1.100000023841858,0.35064658522605896,0.1
925000,0.5212,59.93177795410156,87.67855834960938,0.800000011920929,0.13283854722976685,0.5,0.536176323890686,0.1
930000,0.5008,70.8492202758789,90.52946472167969,0.699999988079071,0.9975119829177856,0.20000000298023224,0.2905016839504242,0.1
935000,0.5152,65.53308868408203,88.2907943725586,0.10000000149011612,0.062425777316093445,1.7999999523162842,0.20232464373111725,0.1
940000,0.5128,69.90505981445312,90.07484436035156,0.5,0.09766918420791626,0.800000011920929,-0.3075147867202759,0.1
945000,0.5028,72.82475280761719,95.23361206054688,-0.6000000238418579,-0.6900917887687683,-0.8999999761581421,-0.37464484572410583,0.1
950000,0.5162,60.18403244018555,92.48933410644531,0.6000000238418579,0.46969908475875854,0.0,0.1962384432554245,0.1
955000,0.508,63.0901985168457,89.8276138305664,0.4000000059604645,-0.284127801656723,-0.10000000149011612,-0.508079469203949,0.1
960000,0.5202,67.55084228515625,91.93011474609375,0.10000000149011612,0.41214659810066223,0.699999988079071,0.12811201810836792,0.1
965000,0.5266,65.63130187988281,90.36742401123047,0.20000000298023224,-0.1501748263835907,-0.4000000059604645,0.5568188428878784,0.1
970000,0.5192,71.50519561767578,92.20178985595703,-0.30000001192092896,0.09644412994384766,0.30000001192092896,-0.10653814673423767,0.1
975000,0.5168,71.56417846679688,92.4059066772461,0.8999999761581421,0.9344310164451599,0.800000011920929,0.5983293056488037,0.1
980000,0.5136,64.8377914428711,92.55975341796875,-0.5,0.47531959414482117,0.0,0.3079429566860199,0.1
985000,0.525,59.922950744628906,89.25044250488281,-0.10000000149011612,0.57830810546875,0.5,0.08098573982715607,0.1
990000,0.5174,64.76725769042969,88.976806640625,0.30000001192092896,0.2993590235710144,-0.10000000149011612,-0.0030636978335678577,0.1
995000,0.5194,65.08442687988281,92.38288879394531,0.4000000059604645,0.09796098619699478,-0.8999999761581421,-0.24831020832061768,0.1
1000000,0.5276,67.7306137084961,85.49179077148438,1.100000023841858,0.9343686699867249,0.8999999761581421,0.35318607091903687,0.1
1005000,0.5242,69.18321990966797,87.19398498535156,0.800000011920929,1.1178547143936157,-0.6000000238418579,-0.08572272211313248,0.1
1010000,0.5196,70.67542266845703,86.47695922851562,-0.8999999761581421,0.4181325137615204,1.0,0.9590381383895874,0.1
1015000,0.5254,66.02146911621094,91.91299438476562,2.799999952316284,1.836259365081787,0.10000000149011612,0.49727386236190796,0.1
1020000,0.517,62.4608268737793,92.445556640625,1.399999976158142,0.31895363330841064,1.2999999523162842,0.7717893719673157,0.1
1025000,0.5246,65.55194854736328,83.49475860595703,1.2000000476837158,1.0096502304077148,1.2999999523162842,0.4497619867324829,0.1
1030000,0.5216,68.78448486328125,92.9084701538086,0.5,-0.13321012258529663,0.5,-0.06779687106609344,0.1
1035000,0.5272,67.40908813476562,87.36543273925781,1.2000000476837158,0.6304948329925537,0.5,0.24963131546974182,0.1
1040000,0.53,75.7481918334961,93.29729461669922,1.2999999523162842,1.1006615161895752,0.4000000059604645,0.32525065541267395,0.1
1045000,0.5246,72.27348327636719,96.02556610107422,1.100000023841858,1.1605937480926514,0.699999988079071,-0.10649513453245163,0.1
1050000,0.5318,66.98570251464844,93.1122817993164,0.30000001192092896,0.8038185834884644,1.2999999523162842,0.3054264485836029,0.1
1055000,0.5318,61.446407318115234,85.3163833618164,0.8999999761581421,0.09928193688392639,0.6000000238418579,0.13983184099197388,0.1
1060000,0.5218,55.54954147338867,93.49361419677734,1.2000000476837158,0.7710582613945007,1.100000023841858,0.3029322624206543,0.1
1065000,0.5186,59.37141418457031,90.94648742675781,1.100000023841858,0.11364398896694183,0.20000000298023224,-0.02760634571313858,0.1
1070000,0.5178,72.28748321533203,89.88378143310547,-0.10000000149011612,0.14162135124206543,0.20000000298023224,0.2527475655078888,0.1
1075000,0.5174,63.750633239746094,93.13646697998047,-0.10000000149011612,0.09728049486875534,1.399999976158142,0.15321189165115356,0.1
1080000,0.523,59.12635803222656,89.10515594482422,1.5,0.7774192690849304,0.800000011920929,0.8015614151954651,0.1
1085000,0.5184,55.917755126953125,87.99191284179688,0.10000000149011612,-0.41431304812431335,1.7000000476837158,0.018514318391680717,0.1
1090000,0.5124,65.3910140991211,90.35481262207031,0.20000000298023224,-0.12813299894332886,-0.699999988079071,-0.004839315544813871,0.1
1095000,0.527,66.36646270751953,97.9770736694336,0.5,0.6327046751976013,0.20000000298023224,0.6505789160728455,0.1
1100000,0.5322,63.73868179321289,95.03242492675781,0.20000000298023224,0.6547346711158752,0.10000000149011612,-0.18715018033981323,0.1
1105000,0.519,62.5078239440918,84.62391662597656,-0.699999988079071,0.4982742965221405,0.6000000238418579,0.5497509241104126,0.1
1110000,0.5278,64.73246002197266,92.45571899414062,0.10000000149011612,0.5733486413955688,1.5,0.2784167230129242,0.1
1115000,0.5184,71.53075408935547,94.85420227050781,-0.4000000059604645,0.434113472700119,-0.30000001192092896,0.8477127552032471,0.1
1120000,0.529,63.665401458740234,93.70015716552734,0.5,0.9260616302490234,1.2999999523162842,0.24321751296520233,0.1
1125000,0.526,75.11470794677734,94.3381118774414,0.6000000238418579,0.602939248085022,-0.30000001192092896,0.05289686098694801,0.1
1130000,0.527,55.40593338012695,88.94342041015625,1.2000000476837158,0.36335211992263794,0.699999988079071,0.2885439097881317,0.1
1135000,0.5282,63.61190414428711,89.3080062866211,0.8999999761581421,0.4601761996746063,0.5,0.7060671448707581,0.1
1140000,0.5258,62.78178405761719,88.4894027709961,1.100000023841858,1.1330649852752686,0.6000000238418579,0.5491527318954468,0.1
1145000,0.5422,65.44506072998047,98.1717300415039,1.399999976158142,1.0567859411239624,1.399999976158142,0.7225494384765625,0.1
1150000,0.5284,76.76896667480469,90.90587615966797,-1.2000000476837158,-0.8627731204032898,-0.8999999761581421,-0.16519629955291748,0.1
1155000,0.5258,59.64111328125,93.0760269165039,0.8999999761581421,1.2015026807785034,0.699999988079071,0.35191890597343445,0.1
1160000,0.5374,61.478336334228516,85.97503662109375,0.6000000238418579,0.683722734451294,1.2999999523162842,0.35993465781211853,0.1
1165000,0.5248,64.78761291503906,85.7492904663086,0.5,0.595495343208313,1.399999976158142,0.35288864374160767,0.1
1170000,0.519,73.7472152709961,90.96511840820312,0.30000001192092896,0.08103296160697937,1.2999999523162842,0.21666854619979858,0.1
1175000,0.5294,63.9048957824707,95.18395233154297,1.2000000476837158,1.6857430934906006,0.30000001192092896,0.5875331163406372,0.1
1180000,0.5176,66.4869384765625,100.5034408569336,0.6000000238418579,0.1980937123298645,0.5,-0.10487303882837296,0.1
1185000,0.5296,66.33907318115234,87.27352905273438,-0.800000011920929,0.5631510019302368,0.699999988079071,0.6563456058502197,0.1
1190000,0.5366,66.88658142089844,92.46638488769531,-0.4000000059604645,0.6037994623184204,1.2000000476837158,0.9215019345283508,0.1
1195000,0.5444,66.64019775390625,91.35459899902344,0.5,0.522457480430603,0.20000000298023224,0.423584520816803,0.1
1200000,0.5176,63.680362701416016,95.61095428466797,0.20000000298023224,-0.5095515251159668,0.800000011920929,0.3185986280441284,0.1
1205000,0.5344,61.96992492675781,92.9380874633789,1.7000000476837158,0.7162066698074341,0.6000000238418579,1.2566313743591309,0.1
1210000,0.5274,64.9360580444336,86.7280044555664,1.100000023841858,0.7437503933906555,0.20000000298023224,0.6755650043487549,0.1
1215000,0.517,66.16374206542969,92.45500946044922,1.7000000476837158,1.381548285484314,0.30000001192092896,0.4571383595466614,0.1
1220000,0.5284,69.58023071289062,86.8738021850586,0.800000011920929,0.6132906079292297,1.5,0.40214452147483826,0.1
1225000,0.5358,65.05145263671875,88.79296875,1.7999999523162842,1.0417917966842651,0.699999988079071,0.4150213301181793,0.1
1230000,0.5284,62.3375358581543,91.38361358642578,-0.10000000149011612,0.3810511827468872,-0.20000000298023224,-0.0034300803672522306,0.1
1235000,0.5398,62.4813117980957,80.23175811767578,1.399999976158142,0.9427236914634705,0.30000001192092896,0.6944982409477234,0.1
1240000,0.5394,60.93806457519531,86.5578384399414,1.2000000476837158,0.8062379956245422,1.100000023841858,0.5097419619560242,0.1
1245000,0.5338,67.72392272949219,94.1157455444336,-0.30000001192092896,0.9176414012908936,0.5,0.7016317248344421,0.1
1250000,0.5374,57.122886657714844,87.03773498535156,0.4000000059604645,0.295467734336853,1.899999976158142,0.6085466742515564,0.1
1255000,0.5222,66.96569061279297,93.28710174560547,-1.2000000476837158,-0.4128475487232208,-0.800000011920929,0.17443448305130005,0.1
1260000,0.5328,76.54644775390625,88.922607421875,1.600000023841858,-0.12400615960359573,2.200000047683716,0.47357413172721863,0.1
1265000,0.5312,63.0853385925293,91.16838836669922,1.2000000476837158,0.8347505331039429,1.0,0.12710507214069366,0.1
1270000,0.5282,72.56598663330078,91.37091064453125,0.5,0.6315230131149292,0.800000011920929,0.2270798683166504,0.1
1275000,0.5334,74.1970443725586,91.86032104492188,0.6000000238418579,1.2413164377212524,1.600000023841858,0.8199563026428223,0.1
1280000,0.514,67.44217681884766,96.05513763427734,-0.30000001192092896,-0.23415157198905945,0.8999999761581421,0.11787884682416916,0.1
1285000,0.5352,69.86715698242188,96.83956909179688,1.100000023841858,0.17326268553733826,0.4000000059604645,0.8013812899589539,0.1
1290000,0.5296,63.46170425415039,92.29092407226562,0.6000000238418579,0.3940337300300598,1.0,0.9576884508132935,0.1
1295000,0.5354,63.65291976928711,91.03948211669922,0.8999999761581421,0.7659702301025391,1.399999976158142,0.41698724031448364,0.1
1300000,0.52,69.96148681640625,88.15199279785156,-0.6000000238418579,-0.4388580322265625,-1.399999976158142,-0.4494619369506836,0.1
1305000,0.5354,64.42176055908203,92.35662078857422,0.4000000059604645,0.4577013850212097,0.6000000238418579,0.6227205991744995,0.1
1310000,0.5336,66.830322265625,88.12289428710938,0.800000011920929,1.0957738161087036,0.6000000238418579,0.6781480312347412,0.1
1315000,0.52,56.69569396972656,89.88488006591797,-0.8999999761581421,-0.8369767069816589,-0.5,0.3696646988391876,0.1
1320000,0.5314,63.49433898925781,93.6102523803711,0.800000011920929,0.6358463168144226,-0.10000000149011612,0.16718095541000366,0.1
1325000,0.5316,65.994873046875,84.84625244140625,1.399999976158142,1.322520136833191,1.100000023841858,0.3119894862174988,0.1
1330000,0.529,56.7414436340332,92.30567169189453,0.6000000238418579,1.205419659614563,1.2000000476837158,0.3425825536251068,0.1
1335000,0.5312,70.2889404296875,92.3911361694336,-0.4000000059604645,0.2611193358898163,0.20000000298023224,0.4702835977077484,0.1
1340000,0.5376,66.81913757324219,90.64788818359375,0.800000011920929,0.6711704730987549,0.4000000059604645,0.5830174684524536,0.1
1345000,0.549,66.79804992675781,85.65386962890625,2.299999952316284,1.1404796838760376,2.0,0.8765501976013184,0.1
1350000,0.5384,72.49480438232422,92.42626953125,-0.699999988079071,0.014137382619082928,-0.10000000149011612,0.27993008494377136,0.1
1355000,0.549,72.28650665283203,91.82190704345703,0.5,0.30511465668678284,-0.4000000059604645,0.923306941986084,0.1
1360000,0.5262,63.618408203125,83.38261413574219,0.6000000238418579,0.15575537085533142,0.20000000298023224,0.4046359956264496,0.1
1365000,0.5356,69.4294204711914,92.57442474365234,1.0,0.30677708983421326,2.0999999046325684,0.4383438229560852,0.1
1370000,0.5302,71.2778091430664,92.75778198242188,0.20000000298023224,0.27003154158592224,0.30000001192092896,0.338241845369339,0.1
1375000,0.5398,62.05433654785156,87.35549926757812,1.899999976158142,1.46699857711792,0.0,0.8328007459640503,0.1
1380000,0.5286,66.77975463867188,91.42123413085938,2.0,0.6274471879005432,0.8999999761581421,0.7984204888343811,0.1
1385000,0.5398,63.192848205566406,85.83594512939453,0.4000000059604645,0.8286844491958618,1.2000000476837158,0.7730599045753479,0.1
1390000,0.5436,62.841705322265625,92.32363891601562,0.8999999761581421,0.7091028094291687,-0.4000000059604645,-0.02500368095934391,0.1
1395000,0.5414,62.77199172973633,88.57757568359375,0.6000000238418579,1.1675087213516235,-0.20000000298023224,0.3325178921222687,0.1
1400000,0.5426,74.46007537841797,94.44821166992188,0.8999999761581421,0.8143162727355957,0.5,0.876740574836731,0.1
1405000,0.5308,64.4106216430664,97.54669952392578,1.5,1.1026681661605835,0.20000000298023224,0.13897556066513062,0.1
1410000,0.5456,62.83623504638672,85.3108139038086,0.5,0.8810790777206421,2.0,1.0930850505828857,0.1
1415000,0.5312,64.84514617919922,91.1635971069336,0.10000000149011612,0.8637462854385376,-0.20000000298023224,0.6201995015144348,0.1
1420000,0.5388,72.61380004882812,89.90287017822266,-0.20000000298023224,0.10750327259302139,1.0,0.7677971720695496,0.1
1425000,0.5434,72.61477661132812,88.75882720947266,1.600000023841858,1.273722767829895,1.600000023841858,1.111021876335144,0.1
1430000,0.538,75.03654479980469,92.12242889404297,1.0,1.5143380165100098,0.699999988079071,0.6375083923339844,0.1
1435000,0.5462,63.69871139526367,93.74532318115234,1.7999999523162842,0.9419888854026794,0.10000000149011612,0.22086116671562195,0.1
1440000,0.5488,69.80813598632812,86.97628784179688,1.7000000476837158,1.0849223136901855,2.0,1.0411934852600098,0.1
1445000,0.5466,74.94686889648438,89.79810333251953,-0.6000000238418579,0.4897346794605255,1.2000000476837158,0.9513429999351501,0.1
1450000,0.5394,63.401912689208984,84.88776397705078,0.6000000238418579,1.0699026584625244,1.0,0.5135461688041687,0.1
1455000,0.548,77.10211181640625,90.80823516845703,0.5,0.2654868960380554,0.4000000059604645,0.3112126588821411,0.1
1460000,0.5464,70.92192077636719,95.4222183227539,1.399999976158142,0.7774777412414551,0.8999999761581421,0.2676045298576355,0.1
1465000,0.5374,69.77762603759766,84.07238006591797,1.899999976158142,1.4015988111495972,1.100000023841858,0.641777515411377,0.1
1470000,0.5478,71.02011108398438,89.58649444580078,1.600000023841858,0.8746084570884705,1.600000023841858,0.5154532790184021,0.1
1475000,0.5406,72.26069641113281,88.85990142822266,1.0,0.9027239084243774,1.0,0.5790663361549377,0.1
1480000,0.5448,71.11152648925781,91.46997833251953,1.0,0.40841856598854065,1.899999976158142,0.5461200475692749,0.1
1485000,0.5454,79.36734771728516,93.70316314697266,1.2999999523162842,0.713889479637146,0.800000011920929,0.6874138116836548,0.1
1490000,0.5442,69.6242904663086,89.78334045410156,-0.30000001192092896,0.8858250975608826,1.0,0.6167494058609009,0.1
1495000,0.5496,73.20010375976562,84.03836059570312,1.7000000476837158,1.5349398851394653,1.2999999523162842,1.2769556045532227,0.1
1500000,0.543,68.88072967529297,90.40259552001953,1.600000023841858,0.9423370361328125,1.7000000476837158,0.706498920917511,0.1
1505000,0.5358,68.69741821289062,90.20079803466797,0.0,0.7363513112068176,-0.10000000149011612,0.5681970715522766,0.1
1510000,0.537,70.3577651977539,95.63845825195312,0.4000000059604645,0.8821444511413574,0.6000000238418579,0.5587504506111145,0.1
1515000,0.559,70.79972076416016,93.71527099609375,1.2000000476837158,1.3976188898086548,0.10000000149011612,1.2189499139785767,0.1
1520000,0.5524,71.56947326660156,94.96334075927734,0.20000000298023224,0.6325086951255798,0.4000000059604645,0.4761430621147156,0.1
1525000,0.5512,74.83750915527344,92.49459838867188,0.699999988079071,1.1647567749023438,0.6000000238418579,0.9148450493812561,0.1
1530000,0.5654,73.7111587524414,88.16541290283203,0.699999988079071,1.1007308959960938,2.0,1.2607983350753784,0.1
1535000,0.5458,64.13916778564453,94.85919189453125,0.699999988079071,1.0145741701126099,0.699999988079071,1.0435160398483276,0.1
1540000,0.5464,68.1511001586914,94.50342559814453,1.7000000476837158,0.8037785291671753,0.6000000238418579,0.3403884172439575,0.1
1545000,0.5562,72.88810729980469,92.84548950195312,-0.10000000149011612,0.13643018901348114,2.5999999046325684,0.463733971118927,0.1
1550000,0.549,75.77742767333984,91.1547622680664,0.0,0.7452965378761292,0.699999988079071,0.6725971102714539,0.1
1555000,0.5602,76.53040313720703,88.25347900390625,0.6000000238418579,0.9218540787696838,0.800000011920929,0.7302982807159424,0.1
1560000,0.56,77.62112426757812,88.6556625366211,1.2000000476837158,1.0116486549377441,1.600000023841858,1.1056581735610962,0.1
1565000,0.555,78.44941711425781,89.21929931640625,1.0,0.7076845765113831,1.100000023841858,0.9298017024993896,0.1
1570000,0.5516,67.1743392944336,93.73866271972656,1.899999976158142,1.007867455482483,-0.6000000238418579,0.6690908074378967,0.1
1575000,0.5382,76.18275451660156,81.97252655029297,1.100000023841858,1.193698763847351,0.6000000238418579,0.7736900448799133,0.1
1580000,0.5538,65.4831771850586,87.42894744873047,1.399999976158142,0.9691393971443176,1.5,0.7140188813209534,0.1
1585000,0.5502,66.03021240234375,91.7303237915039,1.0,1.6405091285705566,0.4000000059604645,0.8391361832618713,0.1
1590000,0.5698,72.8637466430664,92.2127456665039,1.399999976158142,1.1416205167770386,2.0,1.1707189083099365,0.1
1595000,0.557,69.4561538696289,90.21696472167969,0.699999988079071,0.6548599004745483,0.5,0.6579744219779968,0.1
1600000,0.5664,71.54768371582031,91.64926147460938,2.0999999046325684,1.9844366312026978,0.8999999761581421,1.5160199403762817,0.1
1605000,0.549,66.43574523925781,89.26607513427734,1.100000023841858,2.1175501346588135,0.5,0.6422457695007324,0.1
1610000,0.5524,69.65457916259766,86.98412322998047,1.600000023841858,1.4549413919448853,1.100000023841858,0.7086595296859741,0.1
1615000,0.5494,75.84801483154297,83.82553100585938,0.800000011920929,0.9240308403968811,1.100000023841858,1.427403450012207,0.1
1620000,0.5486,69.77156066894531,84.70569610595703,0.20000000298023224,0.7484286427497864,1.0,0.618415117263794,0.1
1625000,0.5674,75.05464935302734,88.83631134033203,0.699999988079071,1.2629520893096924,1.2000000476837158,1.1401461362838745,0.1
1630000,0.5564,72.39739227294922,92.5110855102539,0.6000000238418579,0.8382954597473145,1.5,1.1235032081604004,0.1
1635000,0.5574,78.15826416015625,91.025390625,1.5,1.1848134994506836,1.5,1.1302012205123901,0.1
1640000,0.5676,77.89777374267578,87.65214538574219,1.600000023841858,1.604414463043213,0.6000000238418579,0.5784998536109924,0.1
1645000,0.5636,62.32453918457031,92.06564331054688,0.8999999761581421,1.6912156343460083,1.2999999523162842,0.8915106058120728,0.1
1650000,0.5598,73.72248840332031,92.7638931274414,1.100000023841858,0.9177014231681824,0.5,1.442652702331543,0.1
1655000,0.562,70.65988159179688,90.43136596679688,0.5,0.5024116039276123,0.800000011920929,1.0646309852600098,0.1
1660000,0.5848,73.3821029663086,90.85317993164062,2.5999999046325684,1.8687838315963745,2.200000047683716,1.864316701889038,0.1
1665000,0.558,69.41839599609375,97.00066375732422,1.2000000476837158,1.0588159561157227,0.8999999761581421,0.6901098489761353,0.1
1670000,0.5546,73.58511352539062,93.55258178710938,2.4000000953674316,1.572502613067627,1.2000000476837158,1.2447487115859985,0.1
1675000,0.5728,73.59970092773438,93.0534439086914,0.5,1.5218191146850586,0.5,1.1599785089492798,0.1
1680000,0.5646,75.88983154296875,90.73049926757812,0.8999999761581421,0.9190917015075684,0.800000011920929,0.8493126630783081,0.1
1685000,0.5828,77.37568664550781,91.2893295288086,1.2999999523162842,1.1889617443084717,0.4000000059604645,0.7281726002693176,0.1
1690000,0.572,73.66283416748047,83.56916046142578,1.899999976158142,1.838633418083191,1.2999999523162842,0.978340744972229,0.1
1695000,0.5536,71.8099136352539,96.02124786376953,1.5,0.539573609828949,0.8999999761581421,1.225592851638794,0.1
1700000,0.5602,72.78217315673828,83.4778823852539,0.20000000298023224,0.2513754367828369,1.7999999523162842,0.7012991905212402,0.1
1705000,0.5638,67.89776611328125,88.97390747070312,0.0,0.932334840297699,0.6000000238418579,0.7617144584655762,0.1
1710000,0.5714,71.36194610595703,85.52503204345703,2.200000047683716,1.5776199102401733,1.7000000476837158,1.19206964969635,0.1
1715000,0.5582,76.4146499633789,85.55399322509766,1.899999976158142,1.0385380983352661,1.399999976158142,0.47535431385040283,0.1
1720000,0.5708,66.42241668701172,86.86880493164062,1.0,1.0740787982940674,0.6000000238418579,0.9662520885467529,0.1
1725000,0.569,74.53406524658203,91.9093246459961,1.7000000476837158,0.9974482655525208,2.0,1.1476123332977295,0.1
1730000,0.571,63.02479934692383,80.671142578125,1.7999999523162842,1.501814365386963,2.4000000953674316,1.35835862159729,0.1
1735000,0.5704,81.68505859375,88.8995132446289,0.30000001192092896,1.030125617980957,0.4000000059604645,0.9482849836349487,0.1
1740000,0.5604,77.02127838134766,86.61878967285156,1.0,1.8135331869125366,0.8999999761581421,1.086839199066162,0.1
1745000,0.5812,79.61054229736328,90.9544906616211,1.100000023841858,0.9487969875335693,1.600000023841858,0.9700462222099304,0.1
1750000,0.575,69.93800354003906,90.8701171875,2.0,1.5004165172576904,1.100000023841858,1.449064016342163,0.1
1755000,0.5782,81.16045379638672,83.07241821289062,1.2999999523162842,1.7179216146469116,1.600000023841858,1.050983190536499,0.1
1760000,0.5582,84.06015014648438,90.05218505859375,-0.20000000298023224,1.6702014207839966,0.699999988079071,1.1591451168060303,0.1
1765000,0.584,71.29447937011719,93.1336441040039,2.299999952316284,2.402360439300537,1.899999976158142,1.9739903211593628,0.1
1770000,0.5812,76.24760437011719,86.80559539794922,1.7000000476837158,1.9750784635543823,0.5,1.2372645139694214,0.1
1775000,0.567,73.57522583007812,78.90147399902344,-0.20000000298023224,0.32782256603240967,2.5999999046325684,1.3800461292266846,0.1
1780000,0.5686,69.19346618652344,84.87352752685547,0.20000000298023224,0.6455934047698975,1.7999999523162842,1.1563007831573486,0.1
1785000,0.5698,72.4374771118164,89.297119140625,1.2000000476837158,1.703532099723816,0.800000011920929,1.0794034004211426,0.1
1790000,0.58,69.00396728515625,78.85607147216797,1.899999976158142,2.0313422679901123,2.0,1.5106831789016724,0.1
1795000,0.5734,70.54934692382812,84.0672836303711,1.399999976158142,1.8502098321914673,3.299999952316284,1.507126808166504,0.1
1800000,0.5852,78.03753662109375,84.25861358642578,2.0,1.0337419509887695,2.700000047683716,1.0184274911880493,0.1
1805000,0.5696,79.12043762207031,89.91766357421875,0.8999999761581421,1.0284123420715332,1.100000023841858,1.364424467086792,0.1
1810000,0.5698,72.93002319335938,86.30133056640625,1.7000000476837158,1.5263738632202148,1.899999976158142,1.4993139505386353,0.1
1815000,0.5836,73.54373931884766,85.85794830322266,1.899999976158142,1.3424853086471558,2.4000000953674316,1.269943118095398,0.1
1820000,0.5782,73.37177276611328,88.52507781982422,1.399999976158142,1.1855809688568115,0.6000000238418579,1.1304349899291992,0.1
1825000,0.5678,75.5822982788086,81.30615997314453,1.899999976158142,1.2870935201644897,2.4000000953674316,1.6577215194702148,0.1
1830000,0.5794,77.32048797607422,88.3635482788086,1.899999976158142,1.644203543663025,0.699999988079071,1.1670465469360352,0.1
1835000,0.5844,73.89518737792969,83.08036041259766,1.100000023841858,1.5306259393692017,0.8999999761581421,0.9665548801422119,0.1
1840000,0.5804,79.21871185302734,89.41964721679688,1.0,1.3182957172393799,0.10000000149011612,1.0370478630065918,0.1
1845000,0.5746,75.56623077392578,86.08407592773438,1.5,0.8354584574699402,1.7000000476837158,1.5255486965179443,0.1
1850000,0.5804,78.03240966796875,82.62274169921875,2.0999999046325684,1.6303009986877441,1.600000023841858,1.3654228448867798,0.1
1855000,0.5912,79.62332153320312,85.3569107055664,2.5,1.8839110136032104,2.799999952316284,1.7472246885299683,0.1
1860000,0.5886,76.00355529785156,91.0801010131836,1.2999999523162842,1.2830896377563477,1.2000000476837158,1.6209243535995483,0.1
1865000,0.5896,70.90444946289062,80.00032806396484,1.100000023841858,2.074665069580078,2.0999999046325684,1.6872336864471436,0.1
1870000,0.5776,76.00454711914062,81.1703872680664,1.399999976158142,1.5301315784454346,1.7000000476837158,1.1677685976028442,0.1
1875000,0.5746,70.85685729980469,91.79815673828125,0.699999988079071,1.0524059534072876,0.8999999761581421,0.9299188256263733,0.1
1880000,0.5814,74.8739013671875,90.26405334472656,0.800000011920929,0.9955464005470276,1.7999999523162842,1.5496634244918823,0.1
1885000,0.5844,82.02284240722656,83.82488250732422,2.0999999046325684,2.2607522010803223,3.0,1.9420231580734253,0.1
1890000,0.5822,67.4505844116211,86.7249984741211,2.700000047683716,2.230369806289673,2.299999952316284,1.7167555093765259,0.1
1895000,0.5868,69.70269775390625,81.69454193115234,2.5999999046325684,2.008143901824951,1.899999976158142,1.6238197088241577,0.1
1900000,0.5894,69.45831298828125,88.57774353027344,1.0,1.1925617456436157,2.700000047683716,1.1233396530151367,0.1
1905000,0.5982,74.5022201538086,84.18463897705078,2.5,2.200690507888794,1.7000000476837158,1.9436089992523193,0.1
1910000,0.5784,66.00975036621094,81.67123413085938,1.2000000476837158,1.767737865447998,1.7999999523162842,2.0824925899505615,0.1
1915000,0.5814,76.57421112060547,77.03843688964844,2.5999999046325684,1.6434375047683716,1.399999976158142,1.6963659524917603,0.1
1920000,0.5792,83.15667724609375,86.86825561523438,0.8999999761581421,1.4728736877441406,1.2000000476837158,1.3436877727508545,0.1
1925000,0.592,71.62631225585938,86.33526611328125,1.2000000476837158,1.722771406173706,1.399999976158142,1.8233472108840942,0.1
1930000,0.5786,76.35363006591797,78.08518981933594,2.799999952316284,1.7398141622543335,3.299999952316284,1.8175420761108398,0.1
1935000,0.5856,83.1734390258789,84.97191619873047,1.2000000476837158,1.5760496854782104,1.7000000476837158,1.4478610754013062,0.1
1940000,0.5926,74.66828918457031,81.44645690917969,2.5999999046325684,2.1492111682891846,2.299999952316284,1.5021895170211792,0.1
1945000,0.5814,71.10910034179688,91.96072387695312,1.600000023841858,1.0943880081176758,1.5,1.3194317817687988,0.1
1950000,0.5918,72.11736297607422,77.85421752929688,1.7000000476837158,1.1548951864242554,2.5999999046325684,1.6893327236175537,0.1
1955000,0.584,81.0405044555664,90.86503601074219,1.7000000476837158,1.2500191926956177,0.0,1.2941079139709473,0.1
1960000,0.5956,80.20787048339844,83.37882995605469,1.600000023841858,1.2817656993865967,2.0,1.3635514974594116,0.1
1965000,0.59,79.7978515625,89.5189437866211,2.5999999046325684,1.7911376953125,2.799999952316284,1.576749324798584,0.1
1970000,0.584,74.22518920898438,85.88480377197266,3.0999999046325684,1.382381558418274,1.2000000476837158,1.3166263103485107,0.1
1975000,0.5968,74.33198547363281,90.51873016357422,1.7000000476837158,2.1443686485290527,1.899999976158142,1.790561556816101,0.1
1980000,0.5848,84.64075469970703,82.61738586425781,1.5,1.2140944004058838,1.2999999523162842,1.9391930103302002,0.1
1985000,0.5968,80.7214126586914,83.56183624267578,1.7999999523162842,2.5920157432556152,2.700000047683716,2.0919768810272217,0.1
1990000,0.6052,73.91036987304688,80.50653076171875,2.0,2.1427974700927734,2.700000047683716,2.3130648136138916,0.1
1995000,0.5884,74.77311706542969,78.58172607421875,2.0,0.8280247449874878,1.5,1.6140037775039673,0.1
2000000,0.5828,70.54558563232422,89.3667221069336,1.399999976158142,1.8272743225097656,1.7999999523162842,1.2962499856948853,0.1
2005000,0.5954,72.33877563476562,82.10857391357422,2.4000000953674316,2.193574905395508,1.100000023841858,1.4836000204086304,0.1
2010000,0.5908,74.37608337402344,75.99685668945312,1.7000000476837158,2.1242995262145996,2.700000047683716,2.2992844581604004,0.1
2015000,0.5912,79.3346176147461,89.02261352539062,2.0999999046325684,1.9041630029678345,1.5,1.462477684020996,0.1
2020000,0.5876,75.5666275024414,82.37698364257812,3.0,1.7084254026412964,1.399999976158142,1.1571557521820068,0.1
2025000,0.5978,79.39836883544922,81.71427917480469,1.0,1.6637307405471802,1.399999976158142,1.4145376682281494,0.1
2030000,0.5984,83.14373016357422,86.8636703491211,2.0,1.8660554885864258,1.2000000476837158,1.2651314735412598,0.1
2035000,0.5948,69.73693084716797,91.54039001464844,2.200000047683716,1.633715033531189,1.600000023841858,0.8889396786689758,0.1
2040000,0.6084,77.97457122802734,82.00236511230469,2.700000047683716,2.1038646697998047,3.299999952316284,2.1806185245513916,0.1
2045000,0.5942,82.036865234375,88.44287872314453,1.2999999523162842,1.1103612184524536,2.0,1.8006234169006348,0.1
2050000,0.6004,74.32628631591797,80.7812271118164,0.8999999761581421,1.2278631925582886,1.2999999523162842,1.843334674835205,0.1
2055000,0.6086,82.47069549560547,85.8399887084961,1.399999976158142,1.5013208389282227,2.799999952316284,1.6273499727249146,0.1
2060000,0.5986,83.3598861694336,74.47323608398438,1.2000000476837158,2.1079483032226562,1.899999976158142,2.4139914512634277,0.1
2065000,0.6102,75.2452621459961,82.88700866699219,2.9000000953674316,2.369729995727539,2.200000047683716,2.205515146255493,0.1
2070000,0.5998,77.26522827148438,79.7331771850586,1.7999999523162842,1.2444415092468262,1.2999999523162842,1.103750467300415,0.1
2075000,0.5892,68.63313293457031,81.54393768310547,1.899999976158142,1.7616506814956665,2.299999952316284,1.7900137901306152,0.1
2080000,0.59,78.24125671386719,85.02053833007812,1.899999976158142,2.1945481300354004,1.2999999523162842,1.7028236389160156,0.1
2085000,0.5922,77.14356231689453,82.22655487060547,2.0999999046325684,2.104980707168579,2.9000000953674316,2.0318071842193604,0.1
2090000,0.5984,84.79133605957031,90.89176940917969,1.2000000476837158,1.7904621362686157,1.100000023841858,1.491282343864441,0.1
2095000,0.6054,69.05159759521484,72.4803695678711,2.799999952316284,2.6585195064544678,3.299999952316284,2.461271286010742,0.1
2100000,0.6076,81.18409729003906,85.16529083251953,0.800000011920929,1.9921902418136597,2.5999999046325684,1.8027867078781128,0.1
2105000,0.609,78.57377624511719,71.17557525634766,2.5999999046325684,2.692002058029175,3.200000047683716,1.9944977760314941,0.1
2110000,0.6018,79.0948715209961,75.37640380859375,2.299999952316284,2.712822914123535,2.4000000953674316,1.9723107814788818,0.1
2115000,0.5972,76.9091796875,83.0833969116211,2.0999999046325684,2.1604526042938232,2.0,1.6276096105575562,0.1
2120000,0.6084,77.389404296875,83.68436431884766,3.0,2.208421230316162,1.2000000476837158,1.7890607118606567,0.1
2125000,0.6124,79.9877700805664,86.57989501953125,2.4000000953674316,2.306683301925659,2.0,1.9341824054718018,0.1
2130000,0.609,66.94528198242188,77.84078979492188,1.7999999523162842,2.0391228199005127,2.5999999046325684,2.3491640090942383,0.1
2135000,0.6162,68.1553726196289,80.46216583251953,3.200000047683716,2.7025091648101807,3.0999999046325684,1.9109076261520386,0.1
2140000,0.6106,83.80400085449219,82.6688461303711,3.0999999046325684,2.5573203563690186,2.299999952316284,2.0875802040100098,0.1
2145000,0.6068,72.32643127441406,81.38993835449219,1.5,1.9965537786483765,1.2000000476837158,1.6047097444534302,0.1
2150000,0.6164,78.14945983886719,86.56905364990234,2.5999999046325684,2.335916519165039,2.200000047683716,2.5644171237945557,0.1
2155000,0.6148,76.67708587646484,89.74330139160156,1.5,1.8289614915847778,2.0999999046325684,1.93257737159729,0.1
2160000,0.617,76.75308227539062,76.25790405273438,3.200000047683716,1.6793417930603027,3.200000047683716,1.7138638496398926,0.1
2165000,0.6164,77.77301025390625,85.53275299072266,1.2000000476837158,1.8261774778366089,2.0,2.0664331912994385,0.1
2170000,0.612,79.7970962524414,76.44113159179688,2.200000047683716,2.9948792457580566,2.5,2.599400043487549,0.1
2175000,0.6076,82.69689178466797,81.4605941772461,1.0,2.2478225231170654,1.600000023841858,2.2060744762420654,0.1
2180000,0.6164,80.58114624023438,74.07684326171875,1.399999976158142,1.9382320642471313,2.299999952316284,2.1096272468566895,0.1
2185000,0.6236,81.7527084350586,81.10293579101562,2.799999952316284,2.1659960746765137,2.5,2.5124781131744385,0.1
2190000,0.6028,75.55396270751953,83.71026611328125,4.0,2.192477226257324,1.5,1.8086565732955933,0.1
2195000,0.6142,71.22017669677734,71.99452209472656,3.0,2.7590322494506836,2.9000000953674316,1.9839160442352295,0.1
2200000,0.606,82.47503662109375,86.29338073730469,1.7999999523162842,2.5019960403442383,1.7000000476837158,1.6434625387191772,0.1
2205000,0.6174,81.76356506347656,76.89372253417969,1.100000023841858,1.4648606777191162,1.899999976158142,1.7914330959320068,0.1
2210000,0.6134,82.6270980834961,86.1035385131836,1.600000023841858,1.7730889320373535,2.0999999046325684,2.059992790222168,0.1
2215000,0.6194,74.63534545898438,79.58777618408203,2.4000000953674316,2.892172336578369,1.7000000476837158,2.349655866622925,0.1
2220000,0.6166,81.8122329711914,75.22564697265625,1.7000000476837158,1.5180678367614746,2.0999999046325684,2.306079149246216,0.1
2225000,0.6116,71.5753173828125,83.85693359375,1.2999999523162842,1.8141804933547974,1.7999999523162842,2.1561172008514404,0.1
2230000,0.6092,72.91690826416016,85.6936264038086,1.899999976158142,2.1117305755615234,2.0999999046325684,1.9083598852157593,0.1
2235000,0.603,71.42189025878906,80.39173126220703,2.700000047683716,2.4165661334991455,1.2000000476837158,1.9971671104431152,0.1
2240000,0.6156,81.1012954711914,78.79088592529297,1.7000000476837158,1.3614740371704102,3.299999952316284,2.045278310775757,0.1
2245000,0.6082,79.64734649658203,82.02082824707031,1.7000000476837158,1.919722080230713,1.5,2.109727382659912,0.1
2250000,0.624,72.02955627441406,65.18557739257812,2.700000047683716,2.4619405269622803,4.199999809265137,2.641770839691162,0.1
2255000,0.6112,81.634033203125,74.67607116699219,3.0999999046325684,2.5354104042053223,2.700000047683716,2.6055757999420166,0.1
2260000,0.6322,70.52085876464844,75.83952331542969,3.5999999046325684,2.6137399673461914,2.0,2.440708637237549,0.1
2265000,0.6278,72.91744995117188,74.0226821899414,3.799999952316284,2.693070650100708,2.5999999046325684,2.321963310241699,0.1
2270000,0.616,74.87162017822266,80.68362426757812,3.5,2.146090030670166,2.0999999046325684,1.698933720588684,0.1
2275000,0.6164,79.63218688964844,77.46260833740234,1.2000000476837158,1.6615298986434937,2.799999952316284,2.237074851989746,0.1
2280000,0.6144,81.74774169921875,74.25787353515625,2.5999999046325684,2.7512710094451904,3.0999999046325684,2.4483470916748047,0.1
2285000,0.6178,83.41462707519531,80.44989776611328,2.0999999046325684,2.616711378097534,3.200000047683716,2.671633243560791,0.1
2290000,0.6232,74.83137512207031,81.072998046875,3.299999952316284,2.4510045051574707,3.200000047683716,2.139449119567871,0.1
2295000,0.6224,73.14618682861328,79.1389389038086,1.899999976158142,2.1554110050201416,1.7000000476837158,1.857486605644226,0.1
2300000,0.6198,84.19322204589844,78.02342224121094,1.600000023841858,2.3839008808135986,3.4000000953674316,2.777372360229492,0.1
2305000,0.6334,75.79547119140625,74.65644836425781,2.200000047683716,2.5719962120056152,2.200000047683716,2.6034772396087646,0.1
2310000,0.618,75.94303894042969,73.72955322265625,2.0999999046325684,2.2655811309814453,2.4000000953674316,2.584763765335083,0.1
2315000,0.621,79.32927703857422,79.82182312011719,2.700000047683716,2.517564296722412,2.4000000953674316,2.661738395690918,0.1
2320000,0.6188,82.10425567626953,75.22972869873047,2.5,2.6048552989959717,2.4000000953674316,2.0722811222076416,0.1
2325000,0.6168,73.8163833618164,84.76203155517578,2.4000000953674316,2.586850166320801,2.0999999046325684,2.311258316040039,0.1
2330000,0.6122,82.00601196289062,80.79390716552734,2.0999999046325684,2.462904691696167,2.299999952316284,2.229053258895874,0.1
2335000,0.6176,75.68180084228516,75.82682037353516,2.700000047683716,2.251055955886841,2.200000047683716,1.8642528057098389,0.1
2340000,0.61,71.70138549804688,80.48546600341797,2.200000047683716,2.5074009895324707,2.700000047683716,2.167102813720703,0.1
2345000,0.6272,79.98847198486328,80.42840576171875,1.899999976158142,2.8178815841674805,2.299999952316284,2.5389606952667236,0.1
2350000,0.6126,81.72174072265625,77.8174819946289,3.299999952316284,2.4410812854766846,2.700000047683716,2.162822961807251,0.1
2355000,0.6366,81.35385131835938,75.08300018310547,3.200000047683716,2.199202299118042,2.700000047683716,2.496931314468384,0.1
2360000,0.636,82.96851348876953,79.66462707519531,2.5,2.676370143890381,2.700000047683716,2.6326911449432373,0.1
2365000,0.6126,79.11460876464844,75.08364868164062,2.200000047683716,2.737175941467285,1.7000000476837158,1.5786181688308716,0.1
2370000,0.6202,79.00631713867188,84.09859466552734,2.0,2.587909460067749,2.200000047683716,2.481842279434204,0.1
2375000,0.6224,81.2188720703125,89.44060516357422,2.200000047683716,2.42179012298584,2.200000047683716,2.3975517749786377,0.1
2380000,0.6254,74.15533447265625,81.33615112304688,2.5999999046325684,2.822052240371704,1.7999999523162842,2.3108131885528564,0.1
2385000,0.6274,72.73309326171875,82.56848907470703,3.700000047683716,2.4717352390289307,2.5999999046325684,1.8212095499038696,0.1
2390000,0.6238,82.66729736328125,78.09658813476562,3.0,2.336409568786621,3.4000000953674316,2.704490900039673,0.1
2395000,0.625,71.6757583618164,79.58055877685547,2.799999952316284,2.6064653396606445,3.299999952316284,2.0296878814697266,0.1
2400000,0.6224,83.80216979980469,75.9520492553711,2.4000000953674316,1.644237995147705,1.7000000476837158,1.9174714088439941,0.1
2405000,0.6264,78.64479064941406,86.42489624023438,2.9000000953674316,2.3250014781951904,1.899999976158142,1.9978445768356323,0.1
2410000,0.635,83.70061492919922,77.72811126708984,2.4000000953674316,2.4475769996643066,3.799999952316284,3.1324243545532227,0.1
2415000,0.6204,82.11314392089844,81.85350036621094,1.899999976158142,2.20847749710083,2.200000047683716,2.4600937366485596,0.1
2420000,0.628,79.85383605957031,86.037353515625,2.4000000953674316,2.4567410945892334,1.600000023841858,2.3206005096435547,0.1
2425000,0.622,72.904541015625,74.6041259765625,3.200000047683716,2.8590476512908936,2.9000000953674316,2.624276638031006,0.1
2430000,0.63,73.78374481201172,75.11800384521484,3.200000047683716,2.694002151489258,2.200000047683716,3.020740270614624,0.1
2435000,0.6252,76.71890258789062,75.58353424072266,2.200000047683716,3.010324001312256,3.200000047683716,2.5112204551696777,0.1
2440000,0.6346,86.76409149169922,74.2645492553711,2.0,2.4679338932037354,3.0999999046325684,2.1818747520446777,0.1
2445000,0.628,79.64486694335938,78.2922592163086,1.899999976158142,1.769293189048767,3.799999952316284,2.2129480838775635,0.1
2450000,0.6128,82.2439956665039,77.22015380859375,1.5,1.8916728496551514,2.299999952316284,2.3995320796966553,0.1
2455000,0.6268,81.20543670654297,76.04627990722656,2.5999999046325684,2.208920955657959,3.0999999046325684,2.5598883628845215,0.1
2460000,0.6364,79.38301849365234,89.64093017578125,2.0999999046325684,2.60050630569458,2.4000000953674316,1.9520858526229858,0.1
2465000,0.626,81.30419158935547,79.05950927734375,3.0,2.2999417781829834,2.9000000953674316,1.9176952838897705,0.1
2470000,0.6256,76.22325897216797,84.13732147216797,3.0999999046325684,2.441469192504883,1.399999976158142,1.9192771911621094,0.1
2475000,0.629,75.61024475097656,69.9391098022461,2.4000000953674316,2.383512258529663,2.9000000953674316,2.4137508869171143,0.1
2480000,0.6242,81.73607635498047,79.36793518066406,2.700000047683716,2.177337884902954,2.5999999046325684,2.4925718307495117,0.1
2485000,0.6344,79.3609848022461,76.69486999511719,2.5,2.5578770637512207,2.5999999046325684,2.4479737281799316,0.1
2490000,0.6308,77.33357238769531,78.67153930664062,1.899999976158142,2.9972424507141113,2.700000047683716,2.282294511795044,0.1
2495000,0.629,82.52039337158203,86.98231506347656,2.0999999046325684,2.3137805461883545,1.5,2.246274471282959,0.1
