episodes,return,hinter_loss,guesser_loss,hinter_q,hinter_qhat,guesser_q,guesser_qhat,exploration
2000,0.4385,98.61984252929688,100.71687316894531,-1.100000023841858,-1.4632247686386108,-0.699999988079071,-1.3977242708206177,0.8813592272948078
4000,0.438,95.11631774902344,100.6987533569336,-2.700000047683716,-1.1920654773712158,-0.5,-1.1458046436309814,0.7775834142685771
6000,0.4495,98.98857116699219,97.75082397460938,-1.0,-0.9354450106620789,-1.100000023841858,-1.0942498445510864,0.6867615915460303
8000,0.456,99.71634674072266,97.87528991699219,-0.5,-0.4922577738761902,-1.100000023841858,-0.8665193319320679,0.6072767555124091
10000,0.4585,96.70196533203125,99.3321304321289,-1.5,-0.570568859577179,-1.100000023841858,-0.35390448570251465,0.5377137477472802
12000,0.439,94.2925033569336,99.74417877197266,-2.9000000953674316,-0.6422930955886841,-0.800000011920929,-0.9585533738136292,0.47683405935886203
14000,0.454,100.47130584716797,99.68124389648438,-0.6000000238418579,-1.1971471309661865,-0.4000000059604645,-0.9217777848243713,0.42355378040966973
16000,0.4605,98.20913696289062,99.28826904296875,-0.10000000149011612,-0.575994610786438,-1.100000023841858,-0.7334467172622681,0.376924301842171
18000,0.4515,97.36625671386719,97.28739929199219,-2.4000000953674316,-0.31436213850975037,-1.100000023841858,-0.7489909529685974,0.3361154263190112
20000,0.4505,96.669921875,97.865966796875,0.10000000149011612,-0.6007680296897888,-1.100000023841858,-1.065783143043518,0.3004005872809969
22000,0.4575,93.4732437133789,97.59506225585938,-1.899999976158142,-0.8183618187904358,-1.0,-1.0171573162078857,0.2691439130610133
24000,0.4435,93.23915100097656,96.3730697631836,-1.100000023841858,-1.1522787809371948,-0.699999988079071,-1.1489815711975098,0.24178890574166612
26000,0.4675,90.98629760742188,96.67430877685547,-1.399999976158142,-0.42386192083358765,-1.5,-0.5585954785346985,0.21784853319354897
28000,0.485,91.46202087402344,98.12855529785156,-1.899999976158142,-0.07114692777395248,0.699999988079071,-0.020667217671871185,0.19689655789148858
30000,0.4745,97.60746002197266,100.20738220214844,-1.2000000476837158,-0.14305013418197632,-1.7999999523162842,-0.17578168213367462,0.17855994812587855
32000,0.4775,96.84149169921875,98.30816650390625,-1.5,-0.14545364677906036,0.20000000298023224,-0.4097614586353302,0.16251223649731428
34000,0.471,91.2539291381836,99.2380599975586,-0.5,-0.7490586042404175,-0.6000000238418579,-0.6294291615486145,0.14846770744829957
36000,0.4435,92.48173522949219,96.2962875366211,-1.7999999523162842,-1.6214702129364014,-1.600000023841858,-1.1488796472549438,0.1361763103460783
38000,0.4795,88.25293731689453,98.71121978759766,-0.6000000238418579,-0.3719967007637024,-0.6000000238418579,-0.17018131911754608,0.12541920754845245
40000,0.4795,89.4340591430664,99.74947357177734,-0.699999988079071,-0.18911811709403992,0.4000000059604645,-0.33497610688209534,0.11600487818976805
42000,0.469,93.94949340820312,96.45848846435547,-1.0,-0.7214344143867493,-1.600000023841858,-0.8988132476806641,0.10776570831836477
44000,0.502,91.14836120605469,98.97541809082031,0.30000001192092896,0.0005609035724774003,0.20000000298023224,-0.19911998510360718,0.10055500667585009
46000,0.5265,93.51435852050781,99.29283142089844,0.5,0.0540987029671669,0.20000000298023224,0.3025332987308502,0.09424439298674207
48000,0.5365,89.43292999267578,95.70249938964844,0.6000000238418579,0.5759153962135315,1.2000000476837158,0.9840565323829651,0.08872151225924757
50000,0.5585,88.18861389160156,96.08460998535156,0.699999988079071,1.2544512748718262,1.100000023841858,0.9100687503814697,0.08388803440228787
52000,0.5485,83.65775299072266,93.92308807373047,2.0999999046325684,0.5722998976707458,1.600000023841858,0.8163849115371704,0.07965790354369187
54000,0.564,90.39934539794922,94.43599700927734,1.7999999523162842,0.7340632081031799,1.899999976158142,0.8974975347518921,0.07595580588018841
56000,0.585,89.87339782714844,91.80918884277344,1.600000023841858,1.8101199865341187,2.299999952316284,1.6838990449905396,0.07271582878059893
58000,0.6125,92.86660766601562,91.3069076538086,0.8999999761581421,2.1008195877075195,3.299999952316284,2.1136019229888916,0.06988028726872808
60000,0.6355,83.51161193847656,85.02238464355469,3.4000000953674316,2.79288387298584,3.299999952316284,2.6020429134368896,0.0673986969925
62000,0.6285,88.65800476074219,88.33654022216797,2.4000000953674316,2.601702928543091,2.4000000953674316,2.472167730331421,0.06522687539394878
64000,0.644,94.31053924560547,87.00885009765625,1.399999976158142,3.166863203048706,2.700000047683716,2.762861728668213,0.06332615507717554
66000,0.65,86.67736053466797,78.13544464111328,2.200000047683716,2.7866342067718506,4.300000190734863,3.008575439453125,0.061662695368972745
68000,0.6475,82.00813293457031,88.23155212402344,3.299999952316284,3.050006628036499,2.5999999046325684,2.561497688293457,0.06020687981505069
70000,0.6645,76.58712768554688,77.625732421875,3.799999952316284,3.235214948654175,4.0,3.051586389541626,0.05893278888481038
72000,0.665,74.85326385498047,82.23712158203125,3.0,3.4021596908569336,3.200000047683716,3.409208297729492,0.057817738496629446
74000,0.6795,84.90552520751953,89.70326232910156,2.5999999046325684,3.3093161582946777,2.9000000953674316,3.6253857612609863,0.05684187614750502
76000,0.665,78.11235046386719,87.10115051269531,3.0999999046325684,3.3557350635528564,3.4000000953674316,3.1558420658111572,0.05598782745649274
78000,0.649,70.85319519042969,86.66866302490234,3.0999999046325684,2.674264430999756,3.0999999046325684,3.064584970474243,0.05524038682895525
80000,0.6855,70.13758850097656,84.37503051757812,4.300000190734863,3.4171411991119385,3.700000047683716,3.4579596519470215,0.054586246734165705
82000,0.6785,72.76976776123047,82.54154968261719,3.799999952316284,4.300685882568359,3.0999999046325684,3.586141586303711,0.05401376077628968
84000,0.693,71.60614013671875,75.78397369384766,3.700000047683716,3.279825448989868,5.300000190734863,3.767510414123535,0.053512736340429835
86000,0.69,75.62506103515625,85.84998321533203,3.0,3.4061827659606934,3.4000000953674316,3.7574074268341064,0.05307425312197676
88000,0.6795,69.37802124023438,82.47564697265625,3.4000000953674316,3.072909355163574,3.5,3.1542372703552246,0.05269050430833854
90000,0.6755,69.88468933105469,77.24368286132812,2.9000000953674316,3.9737775325775146,3.799999952316284,3.8383703231811523,0.05235465758542799
92000,0.6835,69.01338958740234,77.87181854248047,4.699999809265137,3.296832799911499,3.700000047683716,3.9064157009124756,0.05206073349424867
94000,0.6845,61.19186019897461,83.57678985595703,5.300000190734863,3.8481409549713135,4.0,3.3531582355499268,0.051803498971824576
96000,0.7115,55.373138427734375,68.85257720947266,5.0,4.515568256378174,5.099999904632568,4.445797920227051,0.05157837418106226
98000,0.7185,65.0091552734375,80.35424041748047,4.5,4.648054122924805,4.099999904632568,4.3795318603515625,0.05138135097073195
100000,0.6995,70.68562316894531,71.39098358154297,3.4000000953674316,4.012412071228027,5.099999904632568,3.874791145324707,0.05120892151381868
102000,0.704,78.02806854248047,77.03722381591797,2.0999999046325684,3.842852830886841,3.700000047683716,4.181474685668945,0.05105801585371112
104000,0.712,61.08759689331055,72.06756591796875,4.300000190734863,3.911036729812622,3.9000000953674316,3.9330761432647705,0.050925947246292416
106000,0.701,66.9378433227539,78.29503631591797,3.299999952316284,3.845363140106201,4.099999904632568,4.010631084442139,0.050810364324796416
108000,0.7075,65.1083755493164,76.8304443359375,3.299999952316284,4.193812370300293,3.9000000953674316,4.293520450592041,0.05070920923576608
110000,0.7,66.9834213256836,70.81739807128906,3.9000000953674316,4.223769664764404,4.699999809265137,3.607428789138794,0.05062068100076131
112000,0.7025,61.15711975097656,70.57145690917969,4.400000095367432,4.762803554534912,4.599999904632568,4.483189582824707,0.05054320345150317
114000,0.7105,64.92871856689453,79.50640869140625,4.199999809265137,3.914914608001709,3.0,3.909080743789673,0.05047539716756762
116000,0.7095,60.278446197509766,68.47592163085938,5.300000190734863,3.9742612838745117,5.300000190734863,3.766251802444458,0.050416054917003766
118000,0.709,60.684608459472656,66.30133056640625,4.400000095367432,4.637415409088135,5.300000190734863,4.192432403564453,0.05036412016261833
120000,0.7265,62.417747497558594,68.67117309570312,4.599999904632568,4.665716171264648,5.0,4.6106181144714355,0.050318668251249137
122000,0.6995,71.20406341552734,81.53102111816406,3.5999999046325684,3.8302266597747803,3.5,4.239381313323975,0.05027888995111932
124000,0.71,64.94608306884766,75.07848358154297,4.900000095367432,4.203860282897949,4.199999809265137,4.2926225662231445,0.05024407704416882
126000,0.7025,64.1412582397461,68.27941131591797,4.599999904632568,3.9751412868499756,4.900000095367432,4.4239397048950195,0.05021360971684742
128000,0.707,68.65643310546875,72.36502075195312,4.800000190734863,4.3805742263793945,4.599999904632568,4.136026382446289,0.05018694552487318
130000,0.7255,59.82157897949219,61.76890182495117,4.699999809265137,4.656617641448975,5.199999809265137,4.197665691375732,0.05016360973548349
132000,0.72,62.477657318115234,78.19231414794922,4.5,4.021860599517822,3.9000000953674316,4.166519641876221,0.050143186875230825
134000,0.7185,58.41802215576172,69.85966491699219,5.0,4.388250827789307,4.300000190734863,3.9771761894226074,0.05012531333283915
136000,0.715,64.7051773071289,67.61257934570312,4.5,4.212282180786133,4.5,4.0652079582214355,0.05010967088542117
138000,0.7395,68.47213745117188,67.3799057006836,4.099999904632568,4.705739498138428,4.5,4.761209487915039,0.05009598103279642
140000,0.7335,57.84331512451172,73.85062408447266,4.099999904632568,4.001384735107422,4.099999904632568,3.941554307937622,0.05008400003903762
142000,0.7355,59.25465393066406,70.38725280761719,4.199999809265137,4.677774429321289,4.900000095367432,4.311108112335205,0.05007351459296429
144000,0.734,52.65311050415039,65.36799621582031,5.300000190734863,4.345600128173828,5.300000190734863,4.43018913269043,0.05006433801032265
146000,0.7275,61.0049934387207,68.05331420898438,4.0,4.2809367179870605,5.0,4.182681083679199,0.050056306910034695
148000,0.73,65.15764617919922,67.66108703613281,4.800000190734863,4.67506217956543,4.800000190734863,4.457353115081787,0.05004927830534012
150000,0.727,58.284122467041016,74.16927337646484,5.199999809265137,4.625692367553711,3.799999952316284,4.116267204284668,0.05004312705804132
152000,0.7425,50.07469177246094,63.21634292602539,5.300000190734863,5.234600067138672,5.0,4.592963218688965,0.05003774365052658
154000,0.733,65.09545135498047,69.67900085449219,4.5,4.703411102294922,5.199999809265137,4.620469570159912,0.05003303223590415
156000,0.745,58.4303092956543,71.01028442382812,4.599999904632568,4.602308750152588,4.400000095367432,5.082883834838867,0.05002890893153164
158000,0.709,62.949012756347656,78.39822387695312,4.300000190734863,3.273249864578247,2.9000000953674316,3.618898630142212,0.05002530032555853
160000,0.732,55.930118560791016,70.22534942626953,5.199999809265137,5.056909561157227,5.0,4.763176441192627,0.050022142169891926
162000,0.734,59.90476608276367,69.85150146484375,4.300000190734863,4.976546764373779,4.699999809265137,4.965793609619141,0.05001937823631513
164000,0.7235,62.76469421386719,81.136474609375,4.199999809265137,4.459879398345947,2.9000000953674316,3.847352981567383,0.050016959315393114
166000,0.738,58.451786041259766,63.66926574707031,5.300000190734863,4.8421406745910645,5.199999809265137,4.7298784255981445,0.05001484234034129
168000,0.7355,46.680912017822266,74.51041412353516,5.0,4.8137431144714355,4.0,4.859760761260986,0.05001298962025885
170000,0.7425,59.74375915527344,83.11933898925781,3.9000000953674316,4.204546928405762,3.5999999046325684,4.348350524902344,0.050011368169075046
172000,0.7535,50.48686599731445,59.03916931152344,5.699999809265137,4.885451793670654,5.400000095367432,5.510639667510986,0.05000994911826085
174000,0.74,47.74966812133789,61.32936096191406,6.099999904632568,4.67335844039917,5.400000095367432,4.640683174133301,0.050008707202849896
176000,0.732,66.29601287841797,65.82315063476562,4.5,4.323010444641113,5.300000190734863,4.265345573425293,0.05000762031161773
178000,0.742,55.52555847167969,72.03108215332031,4.199999809265137,4.6430583000183105,5.199999809265137,4.268894195556641,0.05000666909341063
180000,0.7415,65.75870513916016,64.8044662475586,4.099999904632568,4.197267532348633,4.900000095367432,4.629543304443359,0.050005836612615186
182000,0.7455,56.17546081542969,65.26260375976562,4.599999904632568,5.023634433746338,4.900000095367432,5.173557758331299,0.0500051080476344
184000,0.7325,59.9949836730957,73.67815399169922,3.799999952316284,4.2797770500183105,4.199999809265137,5.003067970275879,0.050004470427002026
186000,0.7465,53.17863845825195,58.38029479980469,5.599999904632568,4.899259567260742,5.5,4.498289585113525,0.050003912398436906
188000,0.7305,55.30470657348633,72.84614562988281,4.199999809265137,3.8942995071411133,4.599999904632568,4.151978015899658,0.050003424026725446
190000,0.7295,60.10877990722656,72.9120864868164,4.199999809265137,3.7524914741516113,3.5999999046325684,4.611893177032471,0.0500029966168338
192000,0.7515,55.02288055419922,64.98077392578125,5.0,4.910562038421631,5.0,4.811711311340332,0.05000262255910034
194000,0.734,53.368099212646484,61.76206588745117,5.300000190734863,4.816921234130859,5.0,4.676355361938477,0.05000229519375223
196000,0.7525,54.68446350097656,71.24815368652344,5.699999809265137,5.110288143157959,4.5,4.993117332458496,0.05000200869233398
198000,0.7365,63.491424560546875,69.31222534179688,4.199999809265137,5.042245864868164,4.699999809265137,4.744159698486328,0.05000175795393687
200000,0.747,47.19154739379883,59.28395080566406,6.5,5.938961982727051,5.5,4.701976776123047,0.050001538514381653
202000,0.7455,54.25449752807617,75.1192855834961,5.199999809265137,5.285681247711182,4.599999904632568,4.695501327514648,0.05000134646673779
204000,0.7385,48.669193267822266,53.73162078857422,5.699999809265137,4.414681911468506,6.0,4.833574295043945,0.05000117839176389
206000,0.733,63.701908111572266,68.0289535522461,4.800000190734863,4.261354446411133,5.099999904632568,4.122058391571045,0.05000103129703114
208000,0.756,58.481719970703125,75.39434814453125,5.400000095367432,4.717416763305664,4.400000095367432,4.777291774749756,0.05000090256364566
210000,0.748,54.554256439208984,68.60350036621094,5.5,5.761569976806641,4.599999904632568,5.172479152679443,0.05000078989962142
212000,0.7495,62.532127380371094,73.24169158935547,4.0,3.8634088039398193,4.699999809265137,4.19973087310791,0.05000069129907339
214000,0.7475,60.27800750732422,59.523719787597656,5.099999904632568,4.697816848754883,5.599999904632568,4.845020294189453,0.05000060500650451
216000,0.74,46.270042419433594,69.59716796875,5.0,4.919005870819092,4.300000190734863,4.873327255249023,0.050000529485550595
218000,0.7565,50.736183166503906,67.33521270751953,6.0,5.195374965667725,5.5,5.031149864196777,0.0500004633916267
220000,0.753,60.99845886230469,66.31182861328125,4.800000190734863,4.979172229766846,4.300000190734863,4.45714807510376,0.05000040554798796
222000,0.7445,52.60067367553711,70.54244232177734,5.300000190734863,5.325117111206055,4.5,4.870418548583984,0.05000035492477865
224000,0.74,48.96357345581055,64.19763946533203,5.599999904632568,4.724881172180176,5.400000095367432,4.283726215362549,0.05000031062069654
226000,0.745,57.01412582397461,62.3654670715332,5.0,5.106647491455078,4.900000095367432,4.553363800048828,0.05000027184694596
228000,0.754,55.834739685058594,63.85527420043945,4.900000095367432,4.598636627197266,5.5,4.936956882476807,0.05000023791319397
230000,0.7475,66.07369995117188,69.680908203125,4.0,5.289884567260742,4.099999904632568,5.026732921600342,0.050000208215279604
232000,0.7535,52.93251037597656,60.795772552490234,5.0,4.878597736358643,5.699999809265137,4.749789237976074,0.05000018222445733
234000,0.762,49.470760345458984,69.62593078613281,5.5,4.901583671569824,4.699999809265137,5.1650543212890625,0.050000159477983135
236000,0.745,46.568668365478516,66.90691375732422,5.599999904632568,4.932119846343994,4.599999904632568,4.632239818572998,0.05000013957087581
238000,0.753,54.98439407348633,63.62284851074219,5.099999904632568,5.289865016937256,5.199999809265137,4.966450214385986,0.050000122148706624
240000,0.7345,59.71955108642578,70.42361450195312,5.099999904632568,4.347960948944092,4.199999809265137,4.561211109161377,0.050000106901289
242000,0.747,46.21381378173828,62.24309158325195,6.0,5.048220157623291,5.300000190734863,5.087081432342529,0.0500000935571559
244000,0.75,58.607261657714844,72.52005004882812,5.099999904632568,5.415841102600098,4.400000095367432,4.460114002227783,0.05000008187872665
246000,0.753,55.65481948852539,61.1489143371582,5.0,4.828157424926758,5.900000095367432,5.284491062164307,0.05000007165807696
248000,0.7835,49.589351654052734,52.22930145263672,5.099999904632568,5.045764923095703,6.099999904632568,5.398471832275391,0.05000006271323705
250000,0.7365,58.350975036621094,69.81294250488281,4.300000190734863,4.605770111083984,3.9000000953674316,4.360007286071777,0.050000054884951815
252000,0.7535,59.49965286254883,71.13323211669922,4.5,3.840388298034668,4.300000190734863,5.535974025726318,0.050000048033845446
254000,0.7595,55.57134246826172,64.98272705078125,4.900000095367432,4.399638652801514,4.800000190734863,4.971107006072998,0.05000004203793995
256000,0.761,54.04961395263672,64.23690032958984,5.0,4.884178161621094,4.699999809265137,4.990589618682861,0.05000003679048343
258000,0.7575,56.26651382446289,59.49365234375,5.099999904632568,5.05961799621582,5.0,5.000054359436035,0.05000003219804949
260000,0.7525,54.651824951171875,63.791648864746094,5.0,4.365540981292725,5.199999809265137,4.672054767608643,0.05000002817887384
262000,0.7495,55.280921936035156,63.15986251831055,5.300000190734863,4.817570209503174,4.900000095367432,4.491186141967773,0.05000002466139855
264000,0.7435,60.087791442871094,70.07539367675781,4.099999904632568,4.26666259765625,3.9000000953674316,4.9281768798828125,0.05000002158299802
266000,0.748,53.30377960205078,61.81828308105469,5.400000095367432,4.735856533050537,5.300000190734863,5.007597923278809,0.05000001888886401
268000,0.7635,46.284820556640625,63.10795593261719,5.900000095367432,5.215521335601807,5.5,5.099123954772949,0.05000001653102981
270000,0.7585,46.770198822021484,71.67596435546875,5.5,5.713578701019287,4.099999904632568,5.026832103729248,0.05000001446751623
272000,0.76,52.556053161621094,62.958621978759766,4.699999809265137,5.0305867195129395,4.400000095367432,4.985326290130615,0.050000012661584194
274000,0.7625,40.34458541870117,62.23118591308594,5.900000095367432,5.374326229095459,4.900000095367432,5.270235538482666,0.05000001108108067
276000,0.748,53.826114654541016,60.515926361083984,4.199999809265137,4.149916172027588,5.199999809265137,4.729534149169922,0.050000009697866145
278000,0.764,59.646968841552734,78.73627471923828,4.400000095367432,4.802136421203613,3.700000047683716,5.324529647827148,0.0500000084873137
280000,0.768,49.10503005981445,66.20581817626953,5.5,5.723512649536133,5.199999809265137,4.837561130523682,0.0500000074278705
282000,0.767,50.981258392333984,63.0020866394043,5.199999809265137,5.367460250854492,5.5,5.435182094573975,0.05000000650067408
284000,0.761,58.46672058105469,59.16104507446289,5.599999904632568,4.955488681793213,5.800000190734863,4.971088409423828,0.05000000568921651
286000,0.7615,55.11615753173828,65.62396240234375,5.5,4.725412368774414,4.5,5.161606311798096,0.0500000049790505
288000,0.745,51.024898529052734,62.08958053588867,4.900000095367432,4.585699558258057,5.099999904632568,4.831881999969482,0.05000000435753215
290000,0.7575,47.980979919433594,64.86582946777344,5.400000095367432,5.120149612426758,5.5,5.201692581176758,0.05000000381359587
292000,0.7535,62.08000946044922,67.26856231689453,4.0,4.496230602264404,4.5,4.639608383178711,0.05000000333755736
294000,0.7665,54.5749626159668,58.402313232421875,5.400000095367432,5.341454029083252,5.699999809265137,4.860682487487793,0.05000000292094115
296000,0.767,56.90143966674805,66.32136535644531,4.900000095367432,5.067864418029785,4.900000095367432,5.364617347717285,0.05000000255632976
298000,0.7485,61.12757873535156,66.30236053466797,4.5,4.6787309646606445,4.400000095367432,4.542098045349121,0.050000002237231604
300000,0.7555,49.14332962036133,62.37544250488281,5.300000190734863,5.213577747344971,5.300000190734863,5.330297946929932,0.05000000195796541
302000,0.753,57.238162994384766,60.300167083740234,4.099999904632568,5.259227752685547,5.400000095367432,5.325406551361084,0.05000000171355909
304000,0.7755,48.42776870727539,55.25334548950195,5.400000095367432,5.012680530548096,6.099999904632568,5.481900215148926,0.05000000149966119
306000,0.7655,50.586814880371094,67.72653198242188,5.400000095367432,5.026064395904541,4.5,5.326452255249023,0.05000000131246347
308000,0.757,47.64738845825195,63.95077133178711,5.300000190734863,4.948450565338135,5.099999904632568,5.470516204833984,0.050000001148633004
310000,0.7575,47.10297775268555,51.045475006103516,4.900000095367432,5.009393692016602,5.900000095367432,5.022284030914307,0.05000000100525296
312000,0.7675,51.84244155883789,62.781192779541016,4.900000095367432,5.415026664733887,5.5,5.533102989196777,0.05000000087977057
314000,0.7625,63.71868133544922,61.1221809387207,4.099999904632568,4.737459182739258,5.099999904632568,5.121053695678711,0.05000000076995173
316000,0.7435,51.841270446777344,70.85586547851562,4.800000190734863,4.767688274383545,4.300000190734863,4.658131122589111,0.050000000673841215
318000,0.765,49.099830627441406,61.115360260009766,6.099999904632568,5.644748687744141,4.800000190734863,4.938483238220215,0.05000000058972785
320000,0.7685,51.82892608642578,63.26459884643555,5.199999809265137,4.4500908851623535,5.699999809265137,4.948177814483643,0.05000000051611408
322000,0.7755,55.80177307128906,62.274383544921875,5.300000190734863,5.7702956199646,5.199999809265137,4.9360737800598145,0.05000000045168927
324000,0.769,55.22068786621094,66.3997573852539,4.5,5.283024311065674,4.5,5.403640270233154,0.0500000003953064
326000,0.776,56.08536148071289,59.32083511352539,5.300000190734863,4.855254650115967,5.800000190734863,5.665682315826416,0.050000000345961616
328000,0.7595,53.108543395996094,71.7144546508789,4.0,4.156148910522461,4.5,5.496372699737549,0.050000000302776376
330000,0.7685,58.121665954589844,63.255027770996094,5.099999904632568,5.462493419647217,5.400000095367432,5.8102803230285645,0.0500000002649818
332000,0.7625,52.617698669433594,54.845054626464844,5.099999904632568,5.154761791229248,5.699999809265137,5.570347309112549,0.050000000231905005
334000,0.781,47.469879150390625,57.27767562866211,5.400000095367432,4.956221103668213,5.800000190734863,5.2584662437438965,0.05000000020295708
336000,0.7775,54.17206573486328,55.136104583740234,4.900000095367432,5.180522918701172,5.900000095367432,5.131654262542725,0.050000000177622614
338000,0.7645,58.48543930053711,56.596893310546875,4.800000190734863,4.992191314697266,5.599999904632568,5.782930850982666,0.05000000015545058
340000,0.7715,45.00178527832031,55.294517517089844,5.300000190734863,5.400206089019775,6.0,5.622427940368652,0.0500000001360462
342000,0.7665,53.312435150146484,55.56729507446289,5.400000095367432,5.109301567077637,5.800000190734863,5.335608959197998,0.050000000119064004
344000,0.7685,44.76329040527344,57.172264099121094,6.099999904632568,5.648494243621826,5.5,5.397007942199707,0.050000000104201636
346000,0.767,52.268287658691406,54.07174301147461,5.300000190734863,5.067617893218994,5.400000095367432,5.222070217132568,0.05000000009119449
348000,0.7825,56.28951644897461,59.057830810546875,5.599999904632568,5.507513999938965,5.300000190734863,5.248595714569092,0.05000000007981099
350000,0.753,51.592796325683594,71.55062866210938,5.300000190734863,4.797659397125244,4.099999904632568,4.783956527709961,0.05000000006984845
352000,0.7705,45.654964447021484,56.155799865722656,5.699999809265137,5.72658634185791,5.900000095367432,5.653485298156738,0.0500000000611295
354000,0.78,53.812713623046875,50.22720718383789,5.900000095367432,6.1235880851745605,6.400000095367432,5.470309257507324,0.05000000005349891
356000,0.78,41.62885665893555,61.3237190246582,5.300000190734863,5.499149322509766,5.0,5.419958591461182,0.050000000046820814
358000,0.779,48.01103210449219,56.57035827636719,5.699999809265137,5.6194915771484375,6.099999904632568,5.331646919250488,0.05000000004097633
360000,0.7695,57.56071853637695,64.17967987060547,5.5,5.255207538604736,4.5,5.006843090057373,0.05000000003586139
362000,0.7765,39.522804260253906,59.238433837890625,5.800000190734863,4.663459300994873,5.800000190734863,5.504847526550293,0.05000000003138493
364000,0.76,44.41580581665039,59.01679992675781,5.5,5.409864902496338,5.300000190734863,4.953071117401123,0.050000000027467253
366000,0.7725,58.855369567871094,58.11795425415039,5.199999809265137,5.072494029998779,5.900000095367432,5.266390800476074,0.05000000002403861
368000,0.7585,44.99081039428711,59.98414993286133,5.699999809265137,4.930055141448975,5.199999809265137,5.363277435302734,0.05000000002103795
370000,0.7755,51.86326599121094,56.068260192871094,5.5,5.321325778961182,5.699999809265137,5.198054313659668,0.05000000001841185
372000,0.7815,51.109100341796875,57.7658805847168,4.5,5.241213321685791,5.900000095367432,5.585343837738037,0.050000000016113565
374000,0.7755,48.893348693847656,61.59174346923828,5.199999809265137,5.450193405151367,5.300000190734863,5.686772346496582,0.05000000001410216
376000,0.7695,49.0678825378418,58.0697135925293,6.199999809265137,5.410952091217041,5.599999904632568,5.931706428527832,0.05000000001234183
378000,0.7725,47.24663162231445,54.092018127441406,5.5,4.897045135498047,5.800000190734863,5.426203727722168,0.050000000010801245
380000,0.777,52.0440559387207,55.988460540771484,5.300000190734863,5.358216762542725,5.599999904632568,5.8644490242004395,0.05000000000945296
382000,0.767,48.757022857666016,57.77572250366211,5.300000190734863,5.405575752258301,5.300000190734863,5.061802864074707,0.05000000000827298
384000,0.773,53.463401794433594,56.52809143066406,5.099999904632568,5.212291240692139,5.599999904632568,5.377720355987549,0.050000000007240294
386000,0.7765,48.54024887084961,53.160423278808594,6.199999809265137,5.361149311065674,5.800000190734863,4.998908042907715,0.05000000000633651
388000,0.7695,57.936397552490234,55.88017654418945,5.599999904632568,5.219995021820068,5.699999809265137,5.299225330352783,0.050000000005545546
390000,0.7675,40.896278381347656,51.3233642578125,6.900000095367432,5.332719802856445,5.599999904632568,4.926951885223389,0.050000000004853315
392000,0.7725,50.33830261230469,56.62687683105469,5.400000095367432,5.099453926086426,6.400000095367432,5.254183292388916,0.050000000004247494
394000,0.7785,54.296714782714844,65.42472839355469,5.199999809265137,5.4948506355285645,4.5,5.27891731262207,0.05000000000371729
396000,0.771,66.9725112915039,59.394378662109375,4.300000190734863,4.499454498291016,5.5,5.303584098815918,0.050000000003253275
398000,0.7675,42.512603759765625,62.309722900390625,5.300000190734863,5.376364707946777,4.699999809265137,5.211746692657471,0.05000000000284718
400000,0.798,47.3958740234375,57.429466247558594,5.800000190734863,6.075702667236328,5.599999904632568,6.24200439453125,0.05000000000249177
402000,0.7825,45.73622131347656,50.86094284057617,5.0,4.695767402648926,6.199999809265137,5.718037128448486,0.05000000000218074
404000,0.775,49.658905029296875,60.68416976928711,5.599999904632568,5.3012566566467285,5.099999904632568,5.351268768310547,0.050000000001908525
406000,0.765,49.303810119628906,64.44026184082031,4.900000095367432,5.0098443031311035,4.900000095367432,5.0542097091674805,0.050000000001670285
408000,0.768,52.93183135986328,51.36141586303711,4.300000190734863,4.149202823638916,5.599999904632568,5.72737979888916,0.05000000000146179
410000,0.7805,57.921836853027344,61.99018096923828,5.099999904632568,4.679993152618408,5.199999809265137,5.233187198638916,0.05000000000127932
412000,0.7775,53.12562942504883,55.37977981567383,5.900000095367432,4.820595741271973,5.5,5.23526668548584,0.05000000000111963
414000,0.7895,50.2152214050293,59.94514465332031,5.5,5.639338493347168,5.199999809265137,5.019534111022949,0.05000000000097987
416000,0.777,51.99996566772461,54.645381927490234,4.599999904632568,5.138049125671387,5.199999809265137,5.465601921081543,0.05000000000085755
418000,0.7775,57.99420928955078,63.2818717956543,4.900000095367432,5.1369733810424805,5.300000190734863,5.617407321929932,0.050000000000750514
420000,0.7685,48.6218376159668,62.50838851928711,5.300000190734863,5.6009416580200195,4.900000095367432,4.8576979637146,0.050000000000656825
422000,0.774,38.18248748779297,73.2474365234375,7.199999809265137,5.742280960083008,4.099999904632568,5.044714450836182,0.050000000000574835
424000,0.7705,50.067665100097656,58.81892395019531,5.199999809265137,5.515947341918945,5.599999904632568,5.329938888549805,0.050000000000503086
426000,0.7775,38.41142654418945,57.585548400878906,7.099999904632568,5.8754472732543945,5.5,5.627716541290283,0.05000000000044028
428000,0.7845,53.24161148071289,46.20804214477539,5.099999904632568,5.042141914367676,6.599999904632568,5.948597431182861,0.050000000000385326
430000,0.762,49.51933670043945,65.36541748046875,5.400000095367432,5.188304424285889,4.0,5.007577896118164,0.050000000000337226
432000,0.771,54.912471771240234,62.69316864013672,4.5,4.779935836791992,5.0,5.277040004730225,0.050000000000295135
434000,0.768,47.52847671508789,57.83464050292969,5.400000095367432,5.080109119415283,5.699999809265137,5.429021835327148,0.050000000000258296
436000,0.761,52.43995666503906,66.72157287597656,4.800000190734863,4.947091102600098,5.5,4.227846622467041,0.05000000000022605
438000,0.781,55.80168151855469,62.29385757446289,5.0,5.224532604217529,4.900000095367432,4.885799884796143,0.05000000000019784
440000,0.7935,45.90678405761719,58.13968276977539,5.5,5.313757419586182,6.300000190734863,5.3163275718688965,0.05000000000017314
442000,0.766,52.99012756347656,58.21574783325195,5.300000190734863,5.346958160400391,5.599999904632568,5.704214572906494,0.05000000000015153
444000,0.7935,48.772579193115234,65.02922058105469,5.699999809265137,6.196426868438721,4.900000095367432,5.292122840881348,0.05000000000013261
446000,0.7685,47.3393440246582,57.652896881103516,5.5,5.789839267730713,5.900000095367432,5.673897743225098,0.05000000000011606
448000,0.7725,42.149383544921875,53.018585205078125,6.800000190734863,5.561212539672852,6.199999809265137,5.7160844802856445,0.050000000000101574
450000,0.785,48.3547477722168,51.482723236083984,6.5,5.484281539916992,5.900000095367432,5.328985691070557,0.0500000000000889
452000,0.771,47.274192810058594,55.077877044677734,5.599999904632568,5.247294902801514,5.5,5.348088264465332,0.0500000000000778
454000,0.778,54.174896240234375,58.56501388549805,6.300000190734863,5.614713668823242,5.599999904632568,5.1751604080200195,0.05000000000006809
456000,0.794,47.8203125,48.509090423583984,6.699999809265137,5.936960220336914,6.099999904632568,5.673092842102051,0.05000000000005959
458000,0.7765,56.638519287109375,63.215824127197266,5.699999809265137,5.629004955291748,4.800000190734863,4.649384021759033,0.05000000000005215
460000,0.79,52.655921936035156,47.4254264831543,6.400000095367432,6.086408615112305,6.800000190734863,5.8486552238464355,0.05000000000004564
462000,0.7755,39.337379455566406,52.14540481567383,6.0,5.245606899261475,6.300000190734863,5.470190048217773,0.05000000000003994
464000,0.7755,47.23817825317383,47.038082122802734,6.199999809265137,5.332244396209717,6.0,5.321369647979736,0.05000000000003496
466000,0.7805,52.51191329956055,51.30024719238281,6.0,5.055039405822754,5.599999904632568,5.075139999389648,0.050000000000030596
468000,0.7855,47.61870193481445,52.155662536621094,6.400000095367432,5.964010238647461,6.0,5.743090629577637,0.05000000000002677
470000,0.789,53.20460510253906,54.03651428222656,5.5,5.5830912590026855,6.599999904632568,5.497906684875488,0.050000000000023435
472000,0.7805,54.21562576293945,49.27436828613281,5.199999809265137,5.448241710662842,5.900000095367432,6.297152042388916,0.05000000000002051
474000,0.7695,54.064151763916016,59.63850402832031,5.0,4.516506195068359,4.900000095367432,4.746033191680908,0.05000000000001795
476000,0.7845,49.90679168701172,64.43711853027344,5.5,5.165004253387451,5.300000190734863,5.487276077270508,0.05000000000001571
478000,0.7985,43.63164520263672,60.16470718383789,5.900000095367432,5.8373637199401855,5.199999809265137,5.676871299743652,0.05000000000001375
480000,0.7955,57.126708984375,53.23231506347656,4.900000095367432,5.699312686920166,6.300000190734863,5.728513717651367,0.050000000000012035
482000,0.7855,48.52946472167969,55.93879699707031,5.800000190734863,5.573246002197266,6.300000190734863,5.113530158996582,0.05000000000001053
484000,0.783,49.68052673339844,47.311527252197266,6.300000190734863,6.115077972412109,6.400000095367432,5.297438144683838,0.05000000000000922
486000,0.79,42.7748908996582,65.18095397949219,6.800000190734863,6.402286529541016,5.300000190734863,5.607320785522461,0.050000000000008066
488000,0.7885,49.31129837036133,59.38747024536133,5.300000190734863,5.644923210144043,5.5,5.785974502563477,0.05000000000000706
490000,0.7885,49.42341613769531,52.321529388427734,5.800000190734863,5.619861602783203,5.699999809265137,5.271970272064209,0.05000000000000618
492000,0.78,49.89217758178711,55.9942741394043,5.699999809265137,5.451165676116943,5.5,5.586066246032715,0.05000000000000541
494000,0.8125,40.90556716918945,57.479774475097656,6.400000095367432,6.36962890625,5.900000095367432,6.458644866943359,0.050000000000004735
496000,0.785,40.32143020629883,51.36213684082031,5.800000190734863,5.5802998542785645,6.199999809265137,5.6679863929748535,0.050000000000004145
498000,0.7845,48.129695892333984,50.329708099365234,5.400000095367432,5.3535380363464355,5.599999904632568,5.495917320251465,0.050000000000003625
500000,0.772,45.0957145690918,57.282291412353516,6.0,5.527807712554932,5.900000095367432,5.501646518707275,0.050000000000003174
502000,0.792,40.86817169189453,61.445838928222656,6.800000190734863,5.785705089569092,4.800000190734863,5.225169658660889,0.05000000000000278
504000,0.771,55.23390197753906,57.59371566772461,4.900000095367432,5.143598556518555,5.199999809265137,5.17474365234375,0.05000000000000243
506000,0.7875,44.7440185546875,63.67531204223633,6.0,6.221433162689209,4.800000190734863,5.942038536071777,0.050000000000002126
508000,0.788,61.792755126953125,47.98429870605469,5.0,5.5018510818481445,6.5,5.297198295593262,0.05000000000000186
510000,0.779,47.00177764892578,50.957855224609375,5.400000095367432,5.829409122467041,5.900000095367432,5.676702499389648,0.05000000000000163
512000,0.795,47.0166015625,59.42551803588867,6.099999904632568,6.318995475769043,5.599999904632568,5.65010929107666,0.050000000000001425
514000,0.787,45.446067810058594,54.698673248291016,6.199999809265137,5.722692489624023,5.800000190734863,5.444229602813721,0.05000000000000125
516000,0.774,37.50697326660156,52.714237213134766,5.900000095367432,5.717937469482422,6.699999809265137,5.306551933288574,0.05000000000000109
518000,0.768,56.190093994140625,57.65168380737305,4.300000190734863,4.525172233581543,5.300000190734863,5.568778038024902,0.05000000000000096
520000,0.786,59.37965774536133,64.24429321289062,5.5,6.128415584564209,5.300000190734863,5.184015274047852,0.050000000000000835
522000,0.79,44.821563720703125,52.51932144165039,6.199999809265137,6.017773628234863,6.199999809265137,5.322138786315918,0.05000000000000073
524000,0.7985,44.200225830078125,47.531375885009766,7.0,6.4519758224487305,6.199999809265137,6.1082940101623535,0.05000000000000064
526000,0.7935,54.634464263916016,56.30104064941406,4.699999809265137,5.305211067199707,5.699999809265137,6.221092700958252,0.050000000000000565
528000,0.7885,43.50779342651367,53.51548767089844,5.599999904632568,5.759519100189209,5.800000190734863,5.684790134429932,0.050000000000000495
530000,0.773,40.49150466918945,54.964805603027344,6.300000190734863,5.342171669006348,5.300000190734863,5.381744384765625,0.05000000000000043
532000,0.7955,47.79472351074219,48.12028503417969,5.800000190734863,5.72361946105957,6.199999809265137,5.916294097900391,0.05000000000000038
534000,0.797,47.29771423339844,63.81266784667969,5.699999809265137,5.503490447998047,5.699999809265137,5.689581394195557,0.05000000000000033
536000,0.787,45.59742736816406,52.295135498046875,5.0,5.1478590965271,6.0,5.840654373168945,0.05000000000000029
538000,0.803,48.1956787109375,55.36250305175781,5.199999809265137,5.47676944732666,5.800000190734863,5.930453300476074,0.05000000000000025
540000,0.792,40.18830871582031,48.379493713378906,5.900000095367432,6.0174560546875,6.0,5.063141345977783,0.050000000000000225
542000,0.8005,45.89702606201172,51.717552185058594,6.300000190734863,5.559561729431152,6.5,5.571986198425293,0.0500000000000002
544000,0.77,44.04746627807617,52.007015228271484,6.300000190734863,5.328760147094727,6.199999809265137,5.843059539794922,0.05000000000000017
546000,0.802,47.6328239440918,47.7927360534668,6.400000095367432,6.309656143188477,6.400000095367432,5.8435540199279785,0.05000000000000015
548000,0.7975,48.90984344482422,60.73662185668945,5.300000190734863,5.827863693237305,5.099999904632568,5.195108413696289,0.050000000000000135
550000,0.7825,54.276641845703125,56.732200622558594,5.800000190734863,5.472084999084473,5.5,5.061560153961182,0.050000000000000114
552000,0.791,42.45938491821289,53.688133239746094,6.199999809265137,5.846158027648926,6.199999809265137,5.130343437194824,0.0500000000000001
554000,0.769,42.54889678955078,59.484657287597656,6.5,5.923342227935791,6.099999904632568,5.104211330413818,0.050000000000000086
556000,0.8025,49.14591979980469,58.26857376098633,5.400000095367432,5.207691669464111,5.800000190734863,5.6217451095581055,0.05000000000000008
558000,0.787,43.170467376708984,54.08236312866211,5.800000190734863,5.425115585327148,6.300000190734863,6.180565357208252,0.05000000000000007
560000,0.7955,46.9582633972168,48.488563537597656,5.599999904632568,5.868637561798096,6.300000190734863,5.790570259094238,0.05000000000000006
562000,0.7735,47.18134689331055,50.47187423706055,6.0,5.471237659454346,5.800000190734863,5.643274307250977,0.05000000000000005
564000,0.7855,51.6767578125,52.35859298706055,5.5,5.154177188873291,6.199999809265137,5.477146148681641,0.050000000000000044
566000,0.7875,50.961639404296875,61.818756103515625,5.699999809265137,5.288393020629883,5.300000190734863,5.314732551574707,0.050000000000000044
568000,0.772,53.001373291015625,50.965858459472656,4.800000190734863,5.013066291809082,6.099999904632568,5.199275493621826,0.05000000000000004
570000,0.7995,54.565425872802734,54.78531265258789,5.699999809265137,5.579960346221924,5.0,5.043797016143799,0.05000000000000003
572000,0.773,51.97782897949219,56.8496208190918,5.5,5.343101978302002,5.199999809265137,5.5096116065979,0.05000000000000003
574000,0.7945,52.376319885253906,51.1584587097168,6.199999809265137,6.077062606811523,5.900000095367432,6.187915802001953,0.050000000000000024
576000,0.773,49.46243667602539,60.808326721191406,5.400000095367432,5.476119518280029,5.099999904632568,5.7321696281433105,0.050000000000000024
578000,0.7845,50.870086669921875,57.797000885009766,5.800000190734863,5.189398765563965,5.400000095367432,5.296139717102051,0.050000000000000024
580000,0.8065,37.45286560058594,48.53807067871094,7.300000190734863,5.613736152648926,6.300000190734863,5.303423881530762,0.05000000000000002
582000,0.7855,40.988468170166016,57.57479476928711,6.0,5.435843467712402,5.699999809265137,5.577000617980957,0.05000000000000002
584000,0.806,45.772029876708984,49.04314422607422,5.599999904632568,5.6600141525268555,6.099999904632568,5.902632236480713,0.05000000000000002
586000,0.7775,49.805076599121094,54.38991165161133,4.599999904632568,4.42539644241333,5.400000095367432,5.394805908203125,0.05000000000000001
588000,0.784,50.98894500732422,54.18565368652344,5.599999904632568,5.4090986251831055,5.699999809265137,5.678159236907959,0.05000000000000001
590000,0.7985,39.79449462890625,43.65983581542969,6.599999904632568,5.903045654296875,6.699999809265137,6.303420543670654,0.05000000000000001
592000,0.796,39.728458404541016,61.93462371826172,6.199999809265137,5.9810357093811035,5.599999904632568,5.596308708190918,0.05000000000000001
594000,0.79,49.97853469848633,53.08782196044922,5.699999809265137,5.779581069946289,6.300000190734863,6.16519021987915,0.05000000000000001
596000,0.7925,46.36919021606445,56.443119049072266,5.699999809265137,5.663698196411133,5.5,5.492362022399902,0.05000000000000001
598000,0.8005,45.40428161621094,47.010066986083984,5.900000095367432,6.135772228240967,6.199999809265137,5.980726718902588,0.05000000000000001
600000,0.805,56.068294525146484,49.6629524230957,5.699999809265137,5.981161117553711,6.400000095367432,5.919379234313965,0.05000000000000001
602000,0.787,56.88923645019531,52.691925048828125,4.0,4.93245792388916,6.5,5.832773208618164,0.05000000000000001
604000,0.789,43.95357894897461,44.91510772705078,5.5,5.402842998504639,6.400000095367432,5.49167013168335,0.05
606000,0.778,46.959781646728516,58.10130310058594,5.699999809265137,5.034233570098877,5.199999809265137,5.211733818054199,0.05
608000,0.795,60.3321647644043,52.233280181884766,5.0,5.724835395812988,5.300000190734863,5.14530086517334,0.05
610000,0.8035,47.00416946411133,50.86396026611328,6.099999904632568,5.321426868438721,6.300000190734863,5.7564287185668945,0.05
612000,0.7855,45.42595291137695,54.269283294677734,6.0,6.1290283203125,5.900000095367432,5.181884288787842,0.05
614000,0.78,48.537620544433594,61.22758483886719,5.099999904632568,5.2037553787231445,4.699999809265137,5.345512866973877,0.05
616000,0.808,40.637779235839844,52.81389236450195,6.099999904632568,5.929874420166016,5.800000190734863,5.751793384552002,0.05
618000,0.7975,47.59237289428711,51.02289581298828,6.199999809265137,6.153757095336914,6.0,5.442861557006836,0.05
620000,0.789,37.36167907714844,47.51564407348633,6.400000095367432,5.761824131011963,5.900000095367432,5.4386701583862305,0.05
622000,0.7905,46.41557312011719,45.108211517333984,6.099999904632568,5.962735652923584,5.900000095367432,5.666753768920898,0.05
624000,0.7885,52.24919509887695,56.89701843261719,5.0,5.658761501312256,5.300000190734863,5.563873291015625,0.05
626000,0.792,50.50765609741211,58.459659576416016,5.099999904632568,4.662835597991943,5.800000190734863,6.127832412719727,0.05
628000,0.7865,40.2979850769043,44.144859313964844,6.599999904632568,5.612690448760986,6.800000190734863,5.601281642913818,0.05
630000,0.799,33.13401412963867,47.651859283447266,7.0,6.294824600219727,6.199999809265137,6.229992866516113,0.05
632000,0.8045,46.009376525878906,51.98147964477539,5.699999809265137,5.986703872680664,6.800000190734863,5.487289905548096,0.05
634000,0.7895,53.33623504638672,52.42110824584961,6.199999809265137,6.227839946746826,6.099999904632568,6.002707004547119,0.05
636000,0.7915,55.69716262817383,62.49883270263672,5.099999904632568,4.875749588012695,4.699999809265137,5.252890586853027,0.05
638000,0.801,55.8874397277832,54.6226806640625,5.699999809265137,5.476801872253418,6.0,5.741801738739014,0.05
640000,0.7895,39.80641174316406,49.309326171875,7.300000190734863,5.953831672668457,5.300000190734863,5.25417423248291,0.05
642000,0.792,42.03532791137695,51.20063400268555,5.699999809265137,5.371981620788574,5.900000095367432,6.190427780151367,0.05
644000,0.806,43.52473068237305,55.273921966552734,6.099999904632568,5.372310161590576,5.5,6.048334121704102,0.05
646000,0.8035,40.539390563964844,49.854923248291016,6.199999809265137,5.869637489318848,6.300000190734863,5.47490119934082,0.05
648000,0.8095,47.534423828125,55.38557052612305,6.400000095367432,5.78913688659668,5.900000095367432,5.9333624839782715,0.05
650000,0.7955,52.30390548706055,45.570106506347656,6.300000190734863,6.024425506591797,6.5,5.557123184204102,0.05
652000,0.7975,38.79359817504883,57.8378791809082,6.599999904632568,5.860397815704346,5.5,5.823850154876709,0.05
654000,0.7905,41.47658157348633,58.51803207397461,5.199999809265137,5.8314290046691895,5.5,5.77311897277832,0.05
656000,0.8115,47.6694450378418,53.286312103271484,6.199999809265137,6.3345232009887695,5.900000095367432,5.951346397399902,0.05
658000,0.813,46.29617691040039,51.63526916503906,6.099999904632568,6.304111480712891,6.099999904632568,5.863882064819336,0.05
660000,0.8015,48.78480911254883,51.695865631103516,5.699999809265137,5.355623245239258,6.599999904632568,5.65892219543457,0.05
662000,0.7925,50.58600997924805,56.223052978515625,5.699999809265137,5.489651679992676,5.800000190734863,6.332818508148193,0.05
664000,0.7945,41.80184555053711,57.26490783691406,6.199999809265137,5.811318874359131,6.0,5.6429057121276855,0.05
666000,0.798,42.19072341918945,50.973907470703125,6.400000095367432,6.259759902954102,5.900000095367432,5.671811580657959,0.05
668000,0.797,51.58012390136719,45.8474006652832,5.599999904632568,5.614660739898682,6.800000190734863,6.2162017822265625,0.05
670000,0.785,45.139060974121094,48.383968353271484,6.800000190734863,6.463751316070557,6.300000190734863,5.471692085266113,0.05
672000,0.788,58.2128791809082,42.12632751464844,5.400000095367432,4.886953353881836,6.300000190734863,5.380347728729248,0.05
674000,0.803,44.77342224121094,50.769134521484375,5.900000095367432,6.178747653961182,6.5,5.822690010070801,0.05
676000,0.7915,52.256736755371094,52.93513488769531,5.300000190734863,5.238698959350586,5.5,5.192241191864014,0.05
678000,0.804,44.428428649902344,58.57308578491211,6.099999904632568,5.7848219871521,5.800000190734863,6.125399589538574,0.05
680000,0.816,46.26765441894531,45.478214263916016,5.800000190734863,5.903477668762207,7.099999904632568,6.625916004180908,0.05
682000,0.805,39.9092903137207,49.696388244628906,5.800000190734863,5.459768295288086,6.199999809265137,5.807990074157715,0.05
684000,0.7885,47.493778228759766,53.7731819152832,6.199999809265137,5.7547078132629395,5.5,5.042418003082275,0.05
686000,0.799,45.179317474365234,58.235713958740234,5.699999809265137,5.924861907958984,5.699999809265137,5.310355186462402,0.05
688000,0.801,47.849735260009766,38.810707092285156,5.699999809265137,5.827189922332764,7.099999904632568,5.9562225341796875,0.05
690000,0.805,39.710060119628906,53.30714797973633,6.199999809265137,6.024058818817139,6.199999809265137,5.798524856567383,0.05
692000,0.7935,57.08867645263672,51.70865249633789,4.400000095367432,4.893667221069336,5.900000095367432,5.380142688751221,0.05
694000,0.7795,51.753963470458984,61.030860900878906,4.800000190734863,4.961077690124512,5.199999809265137,5.332005023956299,0.05
696000,0.792,52.957130432128906,57.98720169067383,5.5,5.446237087249756,5.300000190734863,5.772302627563477,0.05
698000,0.8055,42.871803283691406,44.44829559326172,6.199999809265137,6.2623138427734375,6.5,5.489856719970703,0.05
700000,0.803,40.05131149291992,54.53513717651367,6.300000190734863,5.8752360343933105,5.199999809265137,5.319276332855225,0.05
702000,0.8,51.92892074584961,43.89100646972656,5.699999809265137,6.0002546310424805,6.800000190734863,5.352598190307617,0.05
704000,0.8035,53.2167854309082,48.471309661865234,5.400000095367432,4.992999076843262,5.5,5.322404861450195,0.05
706000,0.8125,44.964691162109375,60.72127914428711,6.400000095367432,6.351431369781494,5.300000190734863,6.022003650665283,0.05
708000,0.818,51.28487777709961,47.94953155517578,5.300000190734863,5.96481466293335,6.099999904632568,6.2314453125,0.05
710000,0.797,49.417266845703125,56.80611801147461,6.400000095367432,5.984611988067627,5.400000095367432,5.431440353393555,0.05
712000,0.8195,49.41376876831055,52.5482292175293,5.900000095367432,6.2884016036987305,6.300000190734863,6.232914924621582,0.05
714000,0.7925,48.42461395263672,37.95478820800781,5.599999904632568,5.2483601570129395,7.0,5.793911933898926,0.05
716000,0.803,46.992042541503906,44.367218017578125,5.199999809265137,5.360121250152588,5.699999809265137,6.0365400314331055,0.05
718000,0.8035,36.89326477050781,48.933929443359375,7.199999809265137,6.5542683601379395,6.5,5.8363542556762695,0.05
720000,0.79,46.59817886352539,52.880157470703125,5.5,5.502814292907715,6.099999904632568,6.013372421264648,0.05
722000,0.7985,41.957698822021484,47.868350982666016,5.5,5.129014492034912,6.300000190734863,5.735105991363525,0.05
724000,0.802,40.337921142578125,53.39097213745117,7.0,5.850201606750488,5.5,5.627187728881836,0.05
726000,0.8045,52.07072448730469,56.10248947143555,6.0,5.284144401550293,5.900000095367432,5.543446063995361,0.05
728000,0.8005,51.613136291503906,46.06929016113281,4.800000190734863,5.247278213500977,6.400000095367432,5.8005547523498535,0.05
730000,0.808,50.797874450683594,53.568031311035156,5.199999809265137,5.454944610595703,5.300000190734863,5.336240291595459,0.05
732000,0.8035,47.153987884521484,52.107547760009766,5.800000190734863,6.297307014465332,5.800000190734863,5.7291388511657715,0.05
734000,0.7955,50.69599914550781,48.6167106628418,5.900000095367432,5.577061653137207,6.400000095367432,5.92001485824585,0.05
736000,0.815,39.207881927490234,53.3618278503418,6.300000190734863,6.1420440673828125,6.199999809265137,5.931048393249512,0.05
738000,0.8015,44.997676849365234,47.47748565673828,5.699999809265137,5.3244404792785645,6.199999809265137,5.95217752456665,0.05
740000,0.798,46.499053955078125,58.8111686706543,6.099999904632568,5.990846157073975,5.599999904632568,5.764294624328613,0.05
742000,0.7995,45.0156364440918,51.69389724731445,6.099999904632568,4.941124439239502,6.800000190734863,5.9769744873046875,0.05
744000,0.7935,39.981868743896484,50.990604400634766,6.599999904632568,5.739515781402588,6.400000095367432,5.808489799499512,0.05
746000,0.8115,59.112239837646484,56.862701416015625,5.5,5.406391620635986,5.5,5.901835918426514,0.05
748000,0.8065,51.991241455078125,42.38996887207031,6.0,5.768584728240967,6.900000095367432,6.4119439125061035,0.05
750000,0.796,56.590152740478516,58.59990310668945,4.900000095367432,5.609737396240234,5.099999904632568,5.752284049987793,0.05
752000,0.8045,43.388221740722656,51.370079040527344,6.400000095367432,5.981260776519775,6.199999809265137,5.56074333190918,0.05
754000,0.8015,47.82475280761719,55.136295318603516,6.5,6.111397743225098,5.199999809265137,5.301723480224609,0.05
756000,0.792,42.334754943847656,55.31217956542969,5.699999809265137,5.926257133483887,5.599999904632568,5.5212931632995605,0.05
758000,0.8055,40.27290344238281,44.75783157348633,6.400000095367432,5.79176139831543,6.800000190734863,6.245828151702881,0.05
760000,0.811,44.930023193359375,43.226619720458984,5.800000190734863,6.186850547790527,7.0,6.437397480010986,0.05
762000,0.8025,51.37651824951172,61.40253448486328,5.099999904632568,5.585993766784668,5.400000095367432,5.702126502990723,0.05
764000,0.797,45.66946792602539,47.45515060424805,5.199999809265137,5.5801849365234375,6.099999904632568,5.903584003448486,0.05
766000,0.812,43.27397918701172,56.351261138916016,6.199999809265137,6.32174015045166,5.5,6.36538553237915,0.05
768000,0.7995,44.57432556152344,50.5789794921875,6.199999809265137,5.739948749542236,6.0,5.755300998687744,0.05
770000,0.821,51.42781066894531,49.03475570678711,5.800000190734863,6.4167070388793945,5.900000095367432,6.494351863861084,0.05
772000,0.804,52.37095260620117,56.908897399902344,6.199999809265137,5.6506147384643555,5.900000095367432,5.641141414642334,0.05
774000,0.8065,49.501197814941406,50.01504898071289,7.0,6.451324462890625,6.0,5.742053031921387,0.05
776000,0.798,54.841773986816406,54.43997573852539,5.599999904632568,5.401813983917236,6.0,5.618521690368652,0.05
778000,0.8015,48.105873107910156,58.954376220703125,5.099999904632568,5.30689811706543,5.5,5.3467116355896,0.05
780000,0.7995,46.708160400390625,42.53313446044922,6.0,5.372490406036377,6.699999809265137,5.86795711517334,0.05
782000,0.818,45.1705322265625,46.18901824951172,5.199999809265137,5.363492965698242,6.699999809265137,6.43918514251709,0.05
784000,0.8115,41.31172180175781,47.528053283691406,6.900000095367432,6.237672328948975,6.300000190734863,5.931110382080078,0.05
786000,0.8045,47.27534103393555,53.829833984375,5.599999904632568,6.064418792724609,5.5,5.5213236808776855,0.05
788000,0.8115,39.34495544433594,46.20223617553711,6.699999809265137,6.105863094329834,6.900000095367432,6.3067545890808105,0.05
790000,0.818,43.200469970703125,52.235843658447266,6.599999904632568,5.611375331878662,5.800000190734863,5.722579479217529,0.05
792000,0.8105,51.515689849853516,53.863067626953125,5.400000095367432,5.4786248207092285,5.5,6.099694728851318,0.05
794000,0.802,51.441932678222656,51.75776672363281,5.900000095367432,5.320013046264648,5.800000190734863,5.855039119720459,0.05
796000,0.795,40.14165115356445,47.048240661621094,6.400000095367432,5.51905632019043,7.199999809265137,6.267816066741943,0.05
798000,0.813,37.5947380065918,52.508705139160156,6.599999904632568,6.40083122253418,6.0,5.831811904907227,0.05
800000,0.804,53.95840835571289,48.90187454223633,5.199999809265137,5.5806474685668945,6.0,5.957564830780029,0.05
802000,0.8035,48.85807800292969,35.742820739746094,6.0,6.130031585693359,7.5,6.033789157867432,0.05
804000,0.802,44.876522064208984,48.78191375732422,6.0,5.664669990539551,6.900000095367432,6.45734977722168,0.05
806000,0.8095,41.94673156738281,56.287879943847656,6.300000190734863,5.769347667694092,6.099999904632568,6.1840667724609375,0.05
808000,0.8125,38.43111801147461,53.3413200378418,6.5,5.983748912811279,5.800000190734863,6.297806262969971,0.05
810000,0.825,50.53508377075195,49.316619873046875,5.900000095367432,6.461384296417236,5.699999809265137,6.229074001312256,0.05
812000,0.813,37.142333984375,48.91123580932617,7.5,6.318391799926758,7.099999904632568,5.955575466156006,0.05
814000,0.8025,44.4942626953125,52.50812530517578,6.099999904632568,6.069553375244141,6.099999904632568,5.787331581115723,0.05
816000,0.7975,43.51115798950195,50.1822509765625,6.199999809265137,5.615842342376709,6.0,5.59979248046875,0.05
818000,0.806,42.77755355834961,52.810977935791016,6.699999809265137,5.612308502197266,6.099999904632568,5.770207405090332,0.05
820000,0.806,40.694305419921875,52.15584945678711,6.300000190734863,6.076707363128662,6.0,5.444723129272461,0.05
822000,0.819,37.22297286987305,44.67198181152344,7.199999809265137,5.821426868438721,6.699999809265137,6.240189075469971,0.05
824000,0.8165,44.57051086425781,46.87142562866211,6.5,5.787815093994141,6.699999809265137,5.906904220581055,0.05
826000,0.8125,54.0634651184082,47.5274658203125,5.800000190734863,5.366537094116211,6.0,5.870588302612305,0.05
828000,0.8145,34.54899978637695,39.765296936035156,7.199999809265137,6.409912109375,6.800000190734863,6.313047885894775,0.05
830000,0.811,46.21587371826172,43.885826110839844,6.0,5.857321262359619,7.199999809265137,5.956711292266846,0.05
832000,0.8045,46.39507293701172,47.868858337402344,6.199999809265137,6.575751781463623,5.900000095367432,5.9093098640441895,0.05
834000,0.8145,34.55979537963867,48.26421356201172,7.400000095367432,6.627549648284912,6.800000190734863,6.122254848480225,0.05
836000,0.8185,43.581974029541016,54.41155242919922,6.900000095367432,6.259932041168213,6.0,6.24028205871582,0.05
838000,0.8035,49.558143615722656,57.46843719482422,5.099999904632568,5.987034797668457,5.699999809265137,5.66543436050415,0.05
840000,0.7995,46.54933166503906,61.225929260253906,5.900000095367432,5.983098983764648,5.099999904632568,5.750030994415283,0.05
842000,0.8155,49.53694152832031,49.459686279296875,5.699999809265137,6.1247944831848145,5.699999809265137,6.09257698059082,0.05
844000,0.7915,42.776092529296875,64.39985656738281,5.900000095367432,5.443887710571289,4.5,4.778806686401367,0.05
846000,0.818,42.884613037109375,53.7811393737793,6.099999904632568,6.501037120819092,5.900000095367432,6.029813289642334,0.05
848000,0.8115,40.718719482421875,51.42817687988281,6.5,6.735256195068359,5.900000095367432,6.457858085632324,0.05
850000,0.8035,51.74883270263672,42.67192459106445,5.300000190734863,5.574102878570557,6.900000095367432,6.395326137542725,0.05
852000,0.8035,59.398719787597656,53.31565856933594,5.5,5.33096170425415,5.699999809265137,5.113604545593262,0.05
854000,0.813,36.369049072265625,50.1092643737793,6.800000190734863,6.098887920379639,6.300000190734863,6.431415557861328,0.05
856000,0.8265,44.572654724121094,50.175567626953125,6.300000190734863,6.4389328956604,5.900000095367432,6.389373779296875,0.05
858000,0.8225,50.069236755371094,56.40910339355469,6.0,5.748160362243652,5.5,6.491666316986084,0.05
860000,0.811,47.43040466308594,45.89863204956055,5.800000190734863,5.969274520874023,7.300000190734863,6.029962062835693,0.05
862000,0.799,64.1962890625,52.67966842651367,4.699999809265137,6.0617475509643555,5.699999809265137,5.800094127655029,0.05
864000,0.822,42.55128860473633,44.36009216308594,6.300000190734863,5.686854362487793,6.599999904632568,6.540368556976318,0.05
866000,0.801,46.61162567138672,43.481510162353516,5.900000095367432,5.853992938995361,6.900000095367432,6.09145975112915,0.05
868000,0.8165,50.984214782714844,56.3879508972168,6.400000095367432,6.315967559814453,5.300000190734863,5.5294413566589355,0.05
870000,0.816,38.903663635253906,39.30629348754883,7.0,6.825457572937012,7.400000095367432,6.676446437835693,0.05
872000,0.813,42.408058166503906,42.470699310302734,6.099999904632568,5.731522083282471,7.0,5.753151893615723,0.05
874000,0.812,48.90387725830078,53.49312973022461,5.800000190734863,6.032649993896484,6.300000190734863,6.179059028625488,0.05
876000,0.8115,39.55705642700195,45.07948303222656,6.699999809265137,5.91407585144043,6.5,6.16900634765625,0.05
878000,0.8075,43.879478454589844,51.3652229309082,5.900000095367432,5.7444682121276855,5.199999809265137,5.620193004608154,0.05
880000,0.7995,45.257381439208984,40.54377365112305,6.099999904632568,5.7636027336120605,6.5,5.539274215698242,0.05
882000,0.8055,43.7006721496582,52.43704605102539,6.400000095367432,6.041859149932861,6.099999904632568,6.143166542053223,0.05
884000,0.801,34.0841178894043,54.537445068359375,7.199999809265137,5.909646987915039,5.900000095367432,5.661340713500977,0.05
886000,0.811,41.53034591674805,55.76475524902344,5.800000190734863,5.196732044219971,5.599999904632568,5.500848293304443,0.05
888000,0.8175,42.16981506347656,49.67646026611328,6.800000190734863,6.280092716217041,6.699999809265137,6.513087272644043,0.05
890000,0.8155,35.16450119018555,49.38860321044922,6.900000095367432,5.976461887359619,6.199999809265137,6.450304985046387,0.05
892000,0.815,33.061439514160156,46.968650817871094,6.699999809265137,5.998996734619141,6.400000095367432,6.407824516296387,0.05
894000,0.8235,36.569515228271484,43.64506530761719,7.300000190734863,6.131360054016113,6.5,6.219402313232422,0.05
896000,0.812,48.26677703857422,51.180721282958984,6.300000190734863,5.6839423179626465,5.900000095367432,6.163123607635498,0.05
898000,0.8025,46.85527801513672,49.18479537963867,5.800000190734863,5.826989650726318,6.800000190734863,6.494866371154785,0.05
900000,0.81,48.2322998046875,43.245574951171875,6.0,6.294394016265869,6.199999809265137,6.629917621612549,0.05
902000,0.815,45.4916877746582,47.58323669433594,6.199999809265137,6.1130828857421875,5.5,6.177902698516846,0.05
904000,0.8115,38.4420280456543,53.86958312988281,6.699999809265137,6.458249568939209,5.5,5.7307515144348145,0.05
906000,0.8235,43.394596099853516,47.021034240722656,6.599999904632568,5.913867950439453,6.199999809265137,5.80576229095459,0.05
908000,0.825,32.925750732421875,48.652259826660156,7.199999809265137,6.396866321563721,6.599999904632568,6.416231155395508,0.05
910000,0.82,46.440216064453125,47.158477783203125,6.099999904632568,5.729679584503174,6.800000190734863,6.177989482879639,0.05
912000,0.808,41.34491729736328,43.63774108886719,5.599999904632568,5.6242780685424805,6.5,6.5609130859375,0.05
914000,0.8105,47.71414566040039,43.91496658325195,5.800000190734863,6.16176700592041,6.5,5.966397762298584,0.05
916000,0.808,35.404075622558594,49.9140625,6.599999904632568,5.971301078796387,7.099999904632568,6.009160041809082,0.05
918000,0.81,45.031070709228516,49.216556549072266,6.5,6.137712001800537,5.099999904632568,5.549660682678223,0.05
920000,0.8245,44.488338470458984,46.838626861572266,5.900000095367432,6.056331634521484,6.099999904632568,6.437138557434082,0.05
922000,0.821,44.76156234741211,47.706233978271484,6.0,5.949539661407471,6.0,6.29109001159668,0.05
924000,0.812,46.86007308959961,49.71916198730469,5.599999904632568,6.2648749351501465,6.300000190734863,6.002782821655273,0.05
926000,0.813,39.7840461730957,40.935054779052734,7.599999904632568,6.602087020874023,6.5,5.928154945373535,0.05
928000,0.814,43.341156005859375,46.43296813964844,6.400000095367432,5.8121209144592285,6.0,5.553651332855225,0.05
930000,0.8235,43.18519592285156,50.556922912597656,6.0,6.518751621246338,5.699999809265137,6.002627372741699,0.05
932000,0.816,40.606536865234375,52.12166976928711,6.400000095367432,5.967121601104736,6.099999904632568,6.754171371459961,0.05
934000,0.8035,52.42626953125,51.4946174621582,6.0,6.564963340759277,5.5,5.714536190032959,0.05
936000,0.8165,43.633182525634766,44.98737716674805,6.099999904632568,6.357736587524414,6.900000095367432,6.311339855194092,0.05
938000,0.814,42.685550689697266,40.6347770690918,6.400000095367432,5.533292770385742,7.300000190734863,6.499324798583984,0.05
940000,0.823,51.503013610839844,46.07182312011719,6.5,6.0855488777160645,6.099999904632568,6.163926601409912,0.05
942000,0.8205,36.23360061645508,48.701438903808594,6.300000190734863,6.801077842712402,6.5,6.662691116333008,0.05
944000,0.812,44.353271484375,45.310420989990234,5.900000095367432,5.620411396026611,6.400000095367432,6.021623611450195,0.05
946000,0.815,44.715694427490234,54.564208984375,6.400000095367432,5.7857184410095215,6.300000190734863,6.023616790771484,0.05
948000,0.7995,46.06793975830078,55.1210823059082,5.5,5.617388725280762,5.900000095367432,5.962536811828613,0.05
950000,0.828,45.89020919799805,43.653778076171875,6.599999904632568,6.033095836639404,6.800000190734863,6.326857089996338,0.05
952000,0.8055,47.49563980102539,38.89793395996094,5.5,5.966683864593506,7.099999904632568,6.169932842254639,0.05
954000,0.818,42.94352722167969,50.7725944519043,6.099999904632568,5.658024787902832,6.199999809265137,5.991270542144775,0.05
956000,0.821,36.6670036315918,44.644874572753906,6.800000190734863,6.155493259429932,6.699999809265137,6.525820255279541,0.05
958000,0.809,44.377254486083984,41.47975158691406,6.5,6.334935188293457,6.300000190734863,5.929160118103027,0.05
960000,0.808,43.019691467285156,49.06755065917969,7.099999904632568,6.428210258483887,6.599999904632568,6.35715389251709,0.05
962000,0.801,48.06075668334961,44.345420837402344,5.599999904632568,5.534266471862793,7.099999904632568,6.182988166809082,0.05
964000,0.82,38.27927780151367,41.12806701660156,6.599999904632568,5.9322662353515625,6.699999809265137,6.3427958488464355,0.05
966000,0.815,32.92543029785156,59.686004638671875,6.199999809265137,5.966463565826416,5.400000095367432,6.0871357917785645,0.05
968000,0.8095,51.87571334838867,40.436363220214844,6.400000095367432,6.643162727355957,6.400000095367432,6.197403430938721,0.05
970000,0.819,46.55845642089844,46.702884674072266,5.699999809265137,5.816408634185791,6.699999809265137,6.5485615730285645,0.05
972000,0.8135,40.35527038574219,43.043392181396484,6.699999809265137,5.743077278137207,7.300000190734863,6.43936014175415,0.05
974000,0.8225,38.30015563964844,39.8415412902832,7.199999809265137,6.399229049682617,6.900000095367432,6.193202972412109,0.05
976000,0.832,40.752525329589844,50.193359375,6.5,6.420540809631348,6.099999904632568,6.362613677978516,0.05
978000,0.8075,44.787261962890625,48.251033782958984,6.400000095367432,6.205348014831543,5.900000095367432,5.579792499542236,0.05
980000,0.8175,40.797733306884766,49.55852508544922,6.199999809265137,6.345034599304199,6.199999809265137,6.2528076171875,0.05
982000,0.7955,42.9579963684082,38.95212173461914,6.099999904632568,5.666828632354736,6.400000095367432,5.86003303527832,0.05
984000,0.813,35.049564361572266,39.657562255859375,7.099999904632568,7.116561412811279,6.5,5.876021862030029,0.05
986000,0.8145,44.6088981628418,47.12841796875,6.800000190734863,6.242252349853516,5.800000190734863,5.662805557250977,0.05
988000,0.826,44.09523391723633,49.691505432128906,6.099999904632568,6.09470272064209,5.800000190734863,5.759111404418945,0.05
990000,0.8015,48.718849182128906,65.27689361572266,5.900000095367432,5.562566757202148,5.0,5.40882682800293,0.05
992000,0.819,37.514930725097656,45.74169921875,6.900000095367432,6.33072566986084,6.699999809265137,6.228237152099609,0.05
994000,0.812,42.15867233276367,43.217586517333984,5.5,5.3313374519348145,6.699999809265137,5.846320152282715,0.05
996000,0.8125,41.031734466552734,51.93754577636719,6.800000190734863,5.730085849761963,6.400000095367432,5.646307945251465,0.05
998000,0.7965,41.41630935668945,46.26838684082031,6.0,5.638210296630859,5.900000095367432,5.103862762451172,0.05
